17064.47695483508	750	4.0	2.731225734575557	450283	2731.225734575557	0.008196949027478695	-10.994270658674894
17065.440411729218	300	7.036543105862896	0.0	155580	963.4568941371031	0.2695937156677246	-0.15000000000000002
17066.351931796984	300	10.125023038096328	0.0	139857	911.5200677665691	0.008889487013220787	0.3
17067.384069315976	300	13.092885519102305	0.0	155432	1032.1375189940231	0.15766917169094086	0.3
17072.34493198436	750	12.132022850717114	0.0	411561	4960.862668385191	0.6042749285697937	0.3
17074.386242052184	300	14.09071278289447	0.0	126289	2041.3100678226447	0.15583282709121704	-0.15000000000000002
17076.445040960032	300	16.031913875046136	0.0	153295	2058.7989078483342	0.006330237723886967	0.3
17078.475070953915	300	18.00188388116397	0.0	173849	2030.0299938821668	0.017514560371637344	0.3
17080.349813499764	300	20.127141335314146	0.0	150710	1874.742545849824	0.4897628426551819	0.3
17085.824402634495	750	18.652552200583184	0.0	362795	5474.589134730963	0.5846582651138306	0.3
17088.777195405626	750	19.69975942945262	0.0	353220	2952.792771130564	0.4179854393005371	0.75
17091.68730298457	750	20.789651850507646	0.0	405134	2910.1075789449733	0.005231431685388088	0.75
17094.239655653124	750	22.23729918195295	0.0	386351	2552.352668554698	0.004705176223069429	0.75
17097.69064208924	750	22.786312745833772	0.0	434409	3450.986436119176	0.009402435272932053	0.75
17100.68200868594	750	23.794946149135644	0.0	337059	2991.3665966981293	0.0077309212647378445	0.75
17103.389896029865	750	25.087058805209356	0.0	366214	2707.8873439262898	0.005064993631094694	0.75
17105.8948952295	750	26.582059605574287	0.0	360831	2504.999199635068	0.011179321445524693	0.75
17109.960870285602	750	26.516084549473284	0.0	372963	4065.9750561010005	0.0399610809981823	0.75
17113.677085479292	750	26.799869355779318	0.0	405596	3716.2151936939667	0.006511808838695288	0.75
17116.037809010144	750	28.439145824926733	0.0	350713	2360.723530852584	0.007770458236336708	0.75
17118.35221990117	750	30.1247349339004	0.0	386472	2314.410891026335	0.07022164762020111	0.75
17121.19045484495	750	31.28649999012256	0.0	399894	2838.23494377784	0.3484758734703064	0.75
17123.50813267979	750	32.96882215528142	0.0	401853	2317.6778348411376	0.2707652747631073	0.75
17126.305030532265	1200	34.171924302810204	0.0	536667	2796.8978524712197	0.6792917251586914	0.75
17129.6162693044	1200	34.86068553067409	0.0	587236	3311.238772136119	0.004705176223069429	1.2
17133.091625034216	1200	35.3853298008567	0.0	590335	3475.3557298173914	0.004705176223069429	1.2
17137.683694969975	1200	34.793259865100126	0.0	696376	4592.0699357565745	0.004705176223069429	1.2
17140.64808617779	1200	35.82886865728659	0.0	487160	2964.391207813531	0.005032950546592474	1.2
17143.929384319115	1200	36.54757051596005	0.0	622896	3281.2981413265466	0.004705176223069429	1.2
17147.536601783526	1200	36.94035305154976	0.0	641447	3607.21746441029	0.004705176223069429	1.2
17150.30781362081	1200	38.169141214263895	0.0	570392	2771.2118372858577	0.004705176223069429	1.2
17153.21080383933	1200	39.266150995744084	0.0	620283	2902.990218519811	0.0060854083858430386	1.2
17155.56757022277	1200	40.90938461230092	0.0	584349	2356.7663834431673	0.02131188102066517	1.2
17158.7311315652	1200	41.74582326986974	0.0	670129	3163.561342431179	0.3767271339893341	1.2
17161.633881332193	1200	42.84307350287754	0.0	690253	2902.749766992205	0.4429349899291992	1.2
17167.20934100138	2850	41.267613833690504	0.0	1439896	5575.459669187029	0.42959165573120117	1.2000000000000002
17172.120805025494	2850	40.356149809577396	0.0	1139291	4911.464024113114	0.004705176223069429	2.85
17177.267595770325	2850	39.20935906474499	0.0	1499009	5146.790744832401	0.004705176223069429	2.85
17183.09855188027	2850	37.37840295479966	0.0	1427478	5830.956109945324	0.004705176223069429	2.85
17190.218473759312	2850	34.25848107575752	0.0	1402287	7119.921879042137	0.004705176223069429	2.85
17197.448751438144	2850	31.02820339692489	0.0	1339500	7230.277678832634	0.004705176223069429	2.85
17204.77760667561	2850	27.69934815946021	0.0	1527299	7328.855237464681	0.004705176223069429	2.85
17212.823517300792	2850	23.65343753427654	0.0	1343002	8045.910625183672	0.004705176223069429	2.85
17220.858584832153	2850	19.618370002915	0.0	1587250	8035.067531361542	0.004705176223069429	2.85
17228.219689045138	2850	16.25726578993139	0.0	1464921	7361.104212983607	0.004705176223069429	2.85
17236.293447358214	2850	12.183507476854858	0.0	1483527	8073.758313076533	0.004705176223069429	2.85
17242.371466462042	2850	10.105488373027788	0.0	1231456	6078.019103827071	0.007666442543268204	2.85
17246.7333320586	2850	9.743622776469422	0.0	1364537	4361.865596558364	0.01038544625043869	2.85

