18534.18889927723	750	4.0	7.862962959107444	450283	7862.962959107444	0.013042375445365906	-33.06074072416201
18535.754228396083	300	6.434670881144126	0.0	155580	1565.3291188558746	0.004705176223069429	-0.15000000000000002
18537.157002411317	300	9.03189686591194	0.0	139857	1402.7740152321862	0.004705176223069429	0.3
18539.043601893834	300	11.1452973833924	0.0	155432	1886.5994825195382	0.004705176223069429	0.3
18540.5105772309	300	13.678322046325858	0.0	163442	1466.9753370665421	0.004705176223069429	0.3
18541.418950917094	300	16.76994836013036	0.0	126289	908.373686195497	0.08282244950532913	0.3
18543.45268782135	300	18.736211455873285	0.0	153295	2033.7369042570776	0.432090163230896	0.3
18547.149777652263	300	19.03912162496144	0.0	173849	3697.08983091185	0.31224536895751953	0.3
18549.759603690996	300	20.429295586227582	0.0	150710	2609.826038733857	0.036111850291490555	0.3
18550.9464403897	300	23.242458887522258	0.0	139105	1186.8366987053223	0.2463001161813736	0.3
18553.673211456447	750	24.515687820776034	0.0	353220	2726.7710667462225	0.14412491023540497	0.3
18557.8896805433	750	24.299218733923944	0.0	405134	4216.469086852091	0.0091348672285676	0.75
18562.04297819505	750	24.145921082172183	0.0	386351	4153.29765175176	0.004705176223069429	0.75
18566.61680613113	750	23.57209314609753	0.0	434409	4573.827936074653	0.004705176223069429	0.75
18568.317351476602	750	25.87154780062419	0.0	337059	1700.5453454733408	0.004705176223069429	0.75
18570.730531802597	750	27.458367474629924	0.0	366214	2413.1803259942694	0.09256421774625778	0.75
18573.42267695375	750	28.76622232347953	0.0	360831	2692.145151150396	0.07694612443447113	0.75
18576.20363284955	750	29.98526642767965	0.0	372963	2780.955895799878	0.1391589641571045	0.75
18579.385946532293	750	30.802952744933307	0.0	405596	3182.313682746341	0.07991625368595123	0.75
18581.23531613546	750	32.95358314176792	0.0	350713	1849.3696031653858	0.04896940290927887	0.75
18583.748254035232	1200	34.440645241996236	0.0	601738	2512.9378997716835	0.6009758710861206	0.75
18586.618769622746	1200	35.57012965447874	0.0	616206	2870.5155875174964	0.004705176223069429	1.2
18589.263029638132	1200	36.925869639091125	0.0	656471	2644.260015387609	0.004705176223069429	1.2
18591.66293310926	1200	38.5259661679688	0.0	536667	2399.9034711223317	0.006029322277754545	1.2
18593.8564852502	1200	40.3324140270272	0.0	587236	2193.5521409416024	0.006634424440562725	1.2
18596.93371138549	1200	41.2551878917359	0.0	590335	3077.226135291297	0.11224628984928131	1.2
18600.89534307681	1200	41.293556200412326	0.0	696376	3961.631691323574	0.015418028458952904	1.2
18603.81477455894	1200	42.37412471828158	0.0	487160	2919.431482130747	0.020680315792560577	1.2
18607.082267242746	1200	43.10663203447801	0.0	622896	3267.4926838035703	0.012400931678712368	1.2
18613.015732110078	1200	41.17316716714452	0.0	641447	5933.46486733349	0.018308596685528755	1.2
18621.772784773926	1200	36.416114503295994	0.0	570392	8757.052663848528	0.004705176223069429	1.2
18629.83887582224	1200	32.35002345498356	0.0	620283	8066.091048312435	0.17049773037433624	1.2
18634.348306974014	1200	31.840592303210112	0.0	584349	4509.431151773442	0.3982251286506653	1.2
18637.367059609893	1200	32.82183966732719	0.0	670129	3018.752635882921	0.01295845303684473	1.2
18640.075051496235	1200	34.113847780986255	0.0	690253	2707.9918863409366	0.004705176223069429	1.2
18643.923016426907	1200	34.26588285031309	0.0	598727	3847.9649306731576	0.09137421101331711	1.2
18646.96818639012	1200	35.22071288709893	0.0	487812	3045.1699632141685	0.012604570016264915	1.2
18652.557970420436	1200	33.63092885678445	0.0	575591	5589.784030314479	0.007386418525129557	1.2
18656.385419995768	1200	33.80347928145327	0.0	605884	3827.4495753311735	0.004705176223069429	1.2
18660.60424278515	1200	33.584656492069335	0.0	587506	4218.822789383932	0.009559880942106247	1.2
18665.41282026124	1200	32.77607901597658	0.0	566904	4808.577476092757	0.022580601274967194	1.2
18670.030143332617	1200	32.15875594460061	0.0	641452	4617.323071375971	0.009486261755228043	1.2
18674.789781739826	1200	31.399117537389007	0.0	599477	4759.638407211598	0.0531846322119236	1.2
18679.16247743774	1200	31.026421839475262	0.0	634861	4372.695697913746	0.007337453309446573	1.2
18686.553939561203	1200	27.634959716015576	0.0	630203	7391.462123459686	0.07818197458982468	1.2
18690.17008244827	1200	28.018816828948896	0.0	638661	3616.1428870666773	0.004705176223069429	1.2
18692.686504021975	1200	29.502395255244544	0.0	538612	2516.4215737043523	0.5541530251502991	1.2
18700.085764616055	2850	26.103134661165424	0.0	1364537	7399.26059407912	0.02323230728507042	1.2000000000000002

