17251.398510193878	750	4.0	4.665178135276565	450283	4665.178135276565	0.004705176223069429	-19.31026598168923
17252.89734476177	300	6.501165432110702	0.0	155580	1498.8345678892972	0.004705176223069429	-0.15000000000000002
17254.33887374368	300	9.059636450196395	0.0	139857	1441.5289819143081	0.004705176223069429	0.3
17257.3981562515	300	10.000353942372927	0.0	155432	3059.282507823468	0.004705176223069429	0.3
17261.463156758036	300	9.935353435839435	0.0	163442	4065.000506533491	0.004705176223069429	0.3
17264.386696754023	300	11.011813439851737	0.0	126289	2923.539995987698	0.004705176223069429	0.3
17267.24840484532	300	12.15010534855435	0.0	153295	2861.708091297388	0.004705176223069429	0.3
17270.651467478157	300	12.747042715718758	0.0	173849	3403.0626328355916	0.004705176223069429	0.3
17273.56923403088	300	13.829276162996456	0.0	150710	2917.766552722302	0.004705176223069429	0.3
17276.165203315537	300	15.233306878338324	0.0	139105	2595.969284658131	0.004705176223069429	0.3
17279.603202200302	300	15.795307993574422	0.0	141840	3437.9988847639015	0.004705176223069429	0.3
17284.798583786815	300	14.599926407058215	0.0	156148	5195.381586516208	0.004705176223069429	0.3
17289.028691267944	300	14.369818925929478	0.0	160746	4230.107481128735	0.004705176223069429	0.3
17292.809620081392	300	14.588890112485023	0.0	179801	3780.9288134444546	0.004705176223069429	0.3
17296.296024700037	300	15.102485493839552	0.0	140051	3486.404618645471	0.004705176223069429	0.3
17300.57872993668	300	14.819780257200604	0.0	138313	4282.705236638948	0.004705176223069429	0.3
17305.661858694955	300	13.736651498923296	0.0	143509	5083.128758277308	0.004705176223069429	0.3
17309.002800880757	300	14.395709313123865	0.0	150616	3340.942185799432	0.004705176223069429	0.3
17310.510280788883	300	16.88822940499606	0.0	165384	1507.4799081278047	0.004705176223069429	0.3
17311.407856793638	300	19.990653400240554	0.0	140881	897.5760047555111	0.00557700777426362	0.3
17312.301039932197	300	23.09747026167943	0.0	157671	893.1831385611233	0.6930983662605286	0.3
17314.27348729474	750	25.125022899135566	0.0	399894	1972.4473625438663	0.022107400000095367	0.3
17316.38121653593	750	27.01729365794588	0.0	401853	2107.729241189685	0.47856202721595764	0.75
17318.21836981361	750	29.18014038026496	0.0	343800	1837.1532776809215	0.6671802997589111	0.75
17320.597796222148	1200	30.800713971728083	0.0	587236	2379.4264085368745	0.6166757345199585	0.75
17323.715700993904	1200	31.682809199971054	0.0	590335	3117.904771757031	0.004705176223069429	1.2
17327.27632205533	1200	32.12218813854256	0.0	696376	3560.6210614284932	0.004705176223069429	1.2
17329.769463742334	1200	33.62904645154021	0.0	487160	2493.1416870023504	0.004705176223069429	1.2
17333.88470374336	1200	33.513806450515766	0.0	622896	4115.240001024449	0.004705176223069429	1.2
17339.45279595763	1200	31.945714236246193	0.0	641447	5568.092214269575	0.004705176223069429	1.2
17344.01714895699	1200	31.381361236884462	0.0	570392	4564.35299936173	0.007275487761944532	1.2
17349.565910039182	1200	29.832600154694767	0.0	620283	5548.761082189695	0.008152510970830917	1.2
17354.20053276136	1200	29.197977432519977	0.0	584349	4634.62272217479	0.013876531273126602	1.2
17359.959623422175	1200	27.438886771703743	0.0	670129	5759.090660816234	0.013699670322239399	1.2
17365.000863763526	1200	26.397646430353515	0.0	690253	5041.240341350229	0.06756610423326492	1.2
17369.207989030914	1200	26.19052116296803	0.0	598727	4207.125267385485	0.023868458345532417	1.2
17372.58637779299	1200	26.812132400888856	0.0	487812	3378.38876207917	0.009318947792053223	1.2
17376.155003098156	1200	27.24350709572387	0.0	575591	3568.6253051649824	0.006227687932550907	1.2
17379.33776003491	1200	28.06075015897393	0.0	605884	3182.7569367499386	0.004705176223069429	1.2
17382.324675999836	1200	29.073834194046725	0.0	587506	2986.915964927208	0.005875589791685343	1.2
17385.27642356906	1200	30.122086624819666	0.0	566904	2951.7475692270614	0.07419457286596298	1.2
17388.6002073717	1200	30.798302822178805	0.0	641452	3323.783802640861	0.3151492774486542	1.2
17394.169824738827	2850	29.228685455054066	0.0	1343002	5569.617367124738	0.6691036224365234	1.2000000000000002
17403.3666989692	2850	24.0318112246801	0.0	1587250	9196.874230373964	0.004705176223069429	2.85
17409.99461399576	2850	21.40389619811796	0.0	1464921	6627.915026562141	0.004705176223069429	2.85
17416.653640744513	2850	18.74486944936797	0.0	1483527	6659.026748749988	0.004705176223069429	2.85
17422.754593802507	2850	16.643916391370507	0.0	1231456	6100.953057997468	0.004705176223069429	2.85
17429.74218566765	2850	13.65632452622809	0.0	1364537	6987.591865142414	0.004705176223069429	2.85

