21603.916415716234	750	4.0	6.3928079957343495	450283	6392.80799573435	-1.000000082240371e-09	-26.7390743816577
21604.985503325974	300	6.93091239026107	0.0	155580	1069.0876097389298	-1.000000082240371e-09	-0.15000000000000002
21606.47127804246	300	9.445137673777062	0.0	139857	1485.7747164840077	-1.000000082240371e-09	0.3
21612.470947956466	1200	7.445467759770403	0.0	617681	5999.669914006659	-1.000000082240371e-09	0.29999999999999993
21615.597494558875	750	8.318921157362489	0.0	411561	3126.546602407915	-1.000000082240371e-09	0.3
21617.901682286145	750	10.014733430092159	0.0	318564	2304.18772727033	-1.000000082240371e-09	0.75
21623.307402805563	1200	8.609012910672359	0.0	561791	5405.720519419802	-1.000000082240371e-09	0.75
21626.458585305645	750	9.457830410590047	0.0	437162	3151.1825000823114	-1.000000082240371e-09	0.3
21630.699316445207	1200	9.217099271032254	0.0	584846	4240.731139557792	-1.000000082240371e-09	0.75
21635.65242516121	1200	8.263990555029057	0.0	560821	4953.1087160031975	-1.000000082240371e-09	1.2
21638.590180595293	750	9.326235120944657	0.0	353220	2937.7554340844	-1.000000082240371e-09	0.3
21642.049231637895	1200	9.867184078341737	0.0	594078	3459.051042602919	-1.000000082240371e-09	0.75
21645.828799727715	1200	10.087615988521948	0.0	624282	3779.5680898197897	-1.000000082240371e-09	1.2
21654.29615374263	1200	5.62026197360617	0.0	687371	8467.354014915778	-1.000000082240371e-09	1.2
21655.41200860498	300	8.50440711125364	0.0	140051	1115.8548623525292	-1.000000082240371e-09	-0.6000000000000001
21657.91379085094	750	10.00262486529314	0.0	366214	2501.782245960502	-1.000000082240371e-09	0.3
21661.897756283193	1200	10.018659433041933	0.0	617242	3983.9654322512074	-1.000000082240371e-09	0.75
21665.709518901862	1200	10.206896814373296	0.0	581493	3811.7626186686357	-1.000000082240371e-09	1.2
21671.010941386554	1200	8.905474329682507	0.0	639204	5301.422484690789	-1.000000082240371e-09	1.2
21673.604591146403	750	10.311824569834688	0.0	350713	2593.6497598478204	-1.000000082240371e-09	0.3
21677.44052507473	1200	10.475890641508744	0.0	601738	3835.933928325943	-1.000000082240371e-09	0.75
21681.45673624939	1200	10.459679466847005	0.0	616206	4016.211174661739	-1.000000082240371e-09	1.2
21685.644399806093	1200	10.272015910143923	0.0	656471	4187.663556703083	-1.000000082240371e-09	1.2
21688.210403509278	1200	11.706012206959112	0.0	536667	2566.00370318481	-1.000000082240371e-09	1.2
21694.47700973871	1850	9.43940597752337	0.0	897976	6266.6062294357425	-1.000000082240371e-09	1.2000000000000002
21701.31195145312	1200	6.604464263116796	0.0	590335	6834.941714406573	-1.000000082240371e-09	0.5499999999999999
21703.037417077216	300	8.878998639020667	0.0	181901	1725.4656240961294	-1.000000082240371e-09	-0.6000000000000001
21705.643683354145	750	10.27273236209615	0.0	277716	2606.2662769245158	-1.000000082240371e-09	0.3
21709.399713257506	1200	10.516702458732485	0.0	622896	3756.0299033636666	-1.000000082240371e-09	0.75
21713.87917942482	1200	10.03723629141703	0.0	641447	4479.466167315456	-1.000000082240371e-09	1.2
21718.25974086288	1200	9.656674853358847	0.0	570392	4380.561438058184	-1.000000082240371e-09	1.2
21723.69703568496	1200	8.219380031280357	0.0	620283	5437.29482207849	-1.000000082240371e-09	1.2
21732.43863318911	750	4.0	0.5222174728732006	369834	8741.597504153558	-1.000000082240371e-09	-1.9455351333547626
21736.760082716763	300	4.0	0.3214495276523303	163444	4321.44952765233	-1.000000082240371e-09	-1.5322329689050203
21740.676976282157	300	4.083106434604413	0.0	179328	3916.8935653955873	-1.000000082240371e-09	0.3
21743.106569447882	300	5.653513268877435	0.0	159914	2429.593165726977	-1.000000082240371e-09	0.3
21744.366713470143	300	8.393369246617898	0.0	131610	1260.1440222595365	-1.000000082240371e-09	0.3
21747.77908812632	750	8.980994590438245	0.0	361565	3412.3746561796524	-1.000000082240371e-09	0.3
21751.005990940954	750	9.75409177580329	0.0	378327	3226.9028146349556	-1.000000082240371e-09	0.75
21755.590581458062	1200	9.169501258697618	0.0	587506	4584.590517105671	-1.000000082240371e-09	0.75
21759.69894246411	1200	9.061140252651537	0.0	566904	4108.361006046082	-1.000000082240371e-09	1.2
21763.274357058428	1200	9.485725658334022	0.0	641452	3575.414594317515	-1.000000082240371e-09	1.2
21766.20587242804	1200	10.55421028871959	0.0	599477	2931.515369614431	-1.000000082240371e-09	1.2
21769.26783570105	1200	11.49224701570731	0.0	634861	3061.9632730122808	-1.000000082240371e-09	1.2
21775.15562860074	1850	9.6044541160204	0.0	958994	5887.79289968691	-1.000000082240371e-09	1.2000000000000002
21779.638072239897	1200	9.122010476862924	0.0	638661	4482.443639157475	-1.000000082240371e-09	0.5499999999999999
21783.849470126795	1200	8.910612589966403	0.0	538612	4211.3978868965205	-1.000000082240371e-09	1.2
21786.127627489255	750	10.632455227507748	0.0	314107	2278.1573624586567	-1.000000082240371e-09	0.3

