2671.1076965159723	750	4.0	4.146410706663652	450283	4146.4107066636525	0.626130223274231	-17.079566038653706
2672.227999018128	300	6.879697497844862	0.0	155580	1120.3025021551377	0.004705176223069429	-0.15000000000000002
2673.25694217975	300	9.850754336222511	0.0	139857	1028.9431616223508	0.004705176223069429	0.3
2674.3778875894386	300	12.729808926533472	0.0	155432	1120.945409689039	0.007420151028782129	0.3
2675.5389225500103	300	15.568773965961913	0.0	163442	1161.0349605715603	0.35117632150650024	0.3
2677.796871724431	750	17.310824791540792	0.0	318564	2257.949174421121	0.5035565495491028	0.3
2680.71352508492	750	18.39417143105199	0.0	352642	2916.653360488805	0.028775183483958244	0.75
2684.0166005433607	750	19.091095972611352	0.0	437162	3303.0754584406345	0.011480366811156273	0.75
2687.259216063982	750	19.848480451989985	0.0	374758	3242.6155206213707	0.021537888795137405	0.75
2691.4040053929707	750	19.70369112300127	0.0	362795	4144.789328988712	0.014330057427287102	0.75
2698.494153304241	750	16.613543211730814	0.0	353220	7090.1479112704565	0.004712804686278105	0.75
2702.342384628429	300	16.765311887542772	0.0	156148	3848.231324188044	0.10474599897861481	-0.15000000000000002
2704.8533046223097	300	18.254391893662294	0.0	160746	2510.919993880478	0.004705176223069429	0.3
2707.391172758385	300	19.716523757586998	0.0	179801	2537.8681360752944	0.01998737081885338	0.3
2709.9855314475353	300	21.122165068436523	0.0	140051	2594.3586891504738	0.07504566758871078	0.3
2711.6860596963775	300	23.42163681959465	0.0	138313	1700.528248841874	0.17474493384361267	0.3
2714.9892040434424	750	24.11849247252968	0.0	360831	3303.14434706497	0.6118186712265015	0.3
2718.4863081527983	750	24.621388363173896	0.0	372963	3497.104109355782	0.004705176223069429	0.75
2722.1463889719384	750	24.96130754403351	0.0	405596	3660.0808191403885	0.004705176223069429	0.75
2725.309648649653	750	25.798047866318896	0.0	350713	3163.2596777146136	0.004705176223069429	0.75
2732.0425638147353	750	23.06513270123639	0.0	386472	6732.915165082502	0.004705176223069429	0.75
2738.421734422187	750	20.685962093785246	0.0	399894	6379.170607451148	0.0067390454933047295	0.75
2743.3356297289797	750	19.772066786992433	0.0	401853	4913.895306792813	0.05053595453500748	0.75
2747.8674242184197	750	19.240272297552288	0.0	343800	4531.794489440144	0.01405438594520092	0.75
2754.0775497608947	750	17.03014675507758	0.0	359903	6210.125542474707	0.013799101114273071	0.75
2755.9531204403997	300	19.154576075572905	0.0	153938	1875.5706795046779	0.642257034778595	-0.15000000000000002
2758.9038342497074	300	20.203862266265126	0.0	181901	2950.713809307783	0.1253262460231781	0.3
2762.0695684225548	300	21.0381280934175	0.0	111155	3165.734172847622	0.08135291188955307	0.3
2767.041683236018	300	20.066013279954834	0.0	153605	4972.114813462668	0.04395842179656029	0.3
2771.019725105968	300	20.08797141000493	0.0	149029	3978.041869949906	0.005565160885453224	0.3
2774.2283643586866	300	20.879332157286413	0.0	157421	3208.6392527185158	0.021190108731389046	0.3
2775.756032898529	300	23.351663617443954	0.0	157488	1527.6685398424552	0.10008646547794342	0.3
2780.648509693338	750	22.45918682263472	0.0	369834	4892.476794809234	0.1455591470003128	0.3
2785.294586586129	750	21.813109929843773	0.0	412837	4646.076892790948	0.004705176223069429	0.75
2790.2864533440243	750	20.821243171948367	0.0	401088	4991.8667578954055	0.004705176223069429	0.75
2793.9974580642734	750	21.110238451698947	0.0	365161	3711.0047202494216	0.004705176223069429	0.75
2797.6511848172936	750	21.456511698678835	0.0	321064	3653.7267530201134	0.004705176223069429	0.75
2802.9748138609643	750	20.132882655008146	0.0	361565	5323.629043670688	0.004705176223069429	0.75
2807.4301406519644	750	19.677555864008056	0.0	378327	4455.3267910000895	0.004705176223069429	0.75
2812.7690174470176	750	18.338679068955063	0.0	390680	5338.876795052996	0.004705176223069429	0.75
2817.128014693829	750	17.97968182214403	0.0	345516	4358.997246811033	0.004705176223069429	0.75
2821.5416188712284	750	17.566077644744535	0.0	384505	4413.604177399496	0.004705176223069429	0.75
2824.371073175799	750	18.736623340173814	0.0	372093	2829.45430457072	0.004799582064151764	0.75
2827.3838685033247	750	19.72382801264814	0.0	438281	3012.795327525671	0.13999010622501373	0.75
2832.7784135395286	1200	18.32928297644399	0.0	630203	5394.545036204147	0.6706286072731018	0.75
2837.90290369162	1200	17.204792824352914	0.0	638661	5124.490152091078	0.042681217193603516	1.2
2842.710406387016	1200	16.397290128956843	0.0	538612	4807.5026953960705	0.02948138304054737	1.2
2847.6171380311207	1200	15.490558484852222	0.0	550906	4906.7316441046205	0.03723498433828354	1.2

