19764.81058622192	750	4.0	1.5985734190571195	450283	1598.5734190571195	0.01077400241047144	-6.123865701945613
19766.62238869276	750	6.188197529158977	0.0	398865	1811.8024708410228	0.5143442153930664	0.75
19768.357402733043	750	8.453183488875696	0.0	350812	1735.0140402832803	0.5457848310470581	0.75
19770.153838166745	750	10.6567480551748	0.0	382355	1796.4354337008972	0.6659249067306519	0.75
19773.334329575246	1200	11.476256646674395	0.0	652874	3180.491408500404	0.6086422801017761	0.75
19775.105705788425	1200	13.70488043349252	0.0	520315	1771.3762131818771	0.014923568814992905	1.2
19776.898285905387	1200	15.91230031652986	0.0	561791	1792.58011696266	0.004705176223069429	1.2
19779.33561352657	1200	17.474972695345325	0.0	709534	2437.3276211845355	0.004705176223069429	1.2
19781.057894733774	1200	19.752691488141025	0.0	584846	1722.2812072042966	0.004705176223069429	1.2
19783.16833082602	1200	21.64225539589608	0.0	560821	2110.4360922449478	0.004705176223069429	1.2
19785.341264262745	1200	23.46932195917467	0.0	607410	2172.9334367214055	0.004705176223069429	1.2
19787.859530433696	1200	24.951055788221222	0.0	594078	2518.266170953448	0.004705176223069429	1.2
19790.20018519495	1200	26.610401026966404	0.0	624282	2340.6547612548216	0.004705176223069429	1.2
19792.614673656703	1200	28.195912565214794	0.0	687371	2414.4884617516122	0.004705176223069429	1.2
19794.355079024856	1200	30.455507197063564	0.0	526950	1740.4053681512282	0.01290223654359579	1.2
19796.69040222839	1200	32.12018399352902	0.0	587876	2335.3232035345445	0.030657997354865074	1.2
19799.293013756476	1200	33.517572465442136	0.0	617242	2602.6115280868794	0.025695515796542168	1.2
19801.50613583576	1200	35.30445038616007	0.0	581493	2213.122079282067	0.018435539677739143	1.2
19804.25911187877	1200	36.55147434314882	0.0	639204	2752.9760430112524	0.039499327540397644	1.2
19806.74240437518	1200	38.068181846738064	0.0	586839	2483.292496410751	0.03610517084598541	1.2
19809.17430328794	1200	39.636282933979615	0.0	601738	2431.8989127584514	0.09765789657831192	1.2
19811.37730255434	1200	41.43328366757393	0.0	616206	2202.9992664056876	0.1726144403219223	1.2
19812.74289379868	1200	44.067692423235954	0.0	656471	1365.5912443379802	0.6518751382827759	1.2
19818.88256816448	2850	41.92801805743355	0.0	1323990	6139.674365802406	0.008789337240159512	1.2000000000000002
19825.13130564354	2850	39.67928057837465	0.0	1383735	6248.737479058895	0.004705176223069429	2.85
19831.019025424906	2850	37.791560797009524	0.0	1480464	5887.719781365131	0.004705176223069429	2.85
19836.964288161296	2850	35.84629806061834	0.0	1547572	5945.2627363911815	0.004705176223069429	2.85
19841.425839938038	2850	35.38474628387601	0.0	1141971	4461.55177674233	0.004705176223069429	2.85
19847.504381426872	2850	33.30620479504349	0.0	1498470	6078.5414888325195	0.004705176223069429	2.85
19853.5395538235	2850	31.27103239841636	0.0	1561263	6035.172396627135	0.004705176223069429	2.85
19859.948083944662	2850	28.862502277251536	0.0	1341201	6408.530121164822	0.004705176223069429	2.85
19868.128426316267	2850	24.682159905645722	0.0	1497683	8180.342371605814	0.004705176223069429	2.85
19874.84266375877	2850	21.96792246314574	0.0	1358081	6714.237442499985	0.013549195602536201	2.85
19882.26621647961	2850	18.544369742303044	0.0	1587293	7423.5527208426965	0.02008388191461563	2.85
19888.281741875744	2850	16.528844346168633	0.0	1492672	6015.52539613441	0.365120530128479	2.85
19893.426440278472	2850	15.384145943443787	0.0	1439896	5144.698402724845	0.08787186443805695	2.85
19897.462224825846	2850	15.34836139607139	0.0	1139291	4035.784547372398	0.006086618639528751	2.85
19903.57343207399	2850	13.23715414792276	0.0	1499009	6111.20724814863	0.004705176223069429	2.85
19909.13330779857	2850	11.6772784233457	0.0	1427478	5559.875724577062	0.06549780815839767	2.85
19915.081315843458	2850	9.729270378455334	0.0	1402287	5948.0080448903645	0.21702583134174347	2.85
19917.196090710797	1200	11.614495511119443	0.0	566904	2114.774867335892	0.4080515503883362	-0.44999999999999996
19920.15612874196	1200	12.65445747995418	0.0	641452	2960.038031165263	0.004705176223069429	1.2
19922.84985257569	1200	13.960733646224424	0.0	599477	2693.723833729757	0.004705176223069429	1.2
19925.727870928367	1200	15.082715293546824	0.0	634861	2878.0183526776004	0.009100781753659248	1.2
19928.40170246825	1200	16.408883753664234	0.0	630203	2673.8315398825894	0.06579679250717163	1.2
19931.51517672739	1200	17.29540949452782	0.0	638661	3113.4742591364165	0.512006402015686	1.2
19936.661440656364	2850	16.149145565551812	0.0	1231456	5146.263928976008	0.34619206190109253	1.2000000000000002
19942.44437001854	2850	14.366216203372955	0.0	1364537	5782.9293621788565	0.004705176223069429	2.85

