2854.436183792703	750	4.0	6.819045761582508	450283	6819.045761582508	0.03332732245326042	-28.571896774804785
2856.383159459817	300	6.053024332886424	0.0	155580	1946.975667113577	0.004705176223069429	-0.15000000000000002
2857.9182766641225	300	8.517907128580475	0.0	139857	1535.1172043059482	0.004705176223069429	0.3
2859.5962384079676	300	10.83994538473521	0.0	155432	1677.9617438452651	0.004705176223069429	0.3
2861.468570057247	300	12.967613735456158	0.0	163442	1872.3316492790518	0.004705176223069429	0.3
2862.5408767208023	300	15.895307071900806	0.0	126289	1072.3066635553523	0.011894247494637966	0.3
2863.6941690429517	300	18.742014749751306	0.0	153295	1153.2923221495007	0.15166249871253967	0.3
2866.290362524746	750	20.145821267957356	0.0	437162	2596.193481793949	0.6917884945869446	0.3
2867.6941684649473	750	22.742015327755773	0.0	374758	1403.8059402015808	0.058888599276542664	0.75
2870.2582386606773	1200	24.17794513202589	0.0	560821	2564.0701957298857	0.11441267281770706	0.75
2873.337060882001	1200	25.099122910702256	0.0	607410	3078.822221323633	0.004705176223069429	1.2
2876.100699245601	1200	26.335484547102684	0.0	594078	2763.638363599568	0.004705176223069429	1.2
2878.516247129381	1200	27.91993666332245	0.0	624282	2415.547883780237	0.004705176223069429	1.2
2881.2442547231835	1200	29.191929069520146	0.0	687371	2728.0075938023033	0.004705176223069429	1.2
2883.533207762954	1200	30.902976029749254	0.0	526950	2288.953039770892	0.004705176223069429	1.2
2886.1032777082078	1200	32.33290608449588	0.0	587876	2570.069945253371	0.004705176223069429	1.2
2888.8893576087544	1200	33.546826183949264	0.0	617242	2786.079900546623	0.004705176223069429	1.2
2891.4088451927073	1200	35.02733859999626	0.0	581493	2519.4875839530027	0.004774633329361677	1.2
2894.084648359823	1200	36.35153543288033	0.0	639204	2675.8031671159324	0.005528180859982967	1.2
2897.356147840137	1200	37.080035952566135	0.0	586839	3271.499480314198	0.013747693970799446	1.2
2908.554073474363	1200	29.882110318340093	0.0	601738	11197.925634226043	0.005498275626450777	1.2
2913.190648267883	750	29.245535524820014	0.0	399894	4636.574793520076	0.25439774990081787	0.3
2916.371602545018	750	30.064581247685176	0.0	401853	3180.9542771348383	0.011877038516104221	0.75
2918.6368261377506	750	31.79935765495247	0.0	343800	2265.223592732704	0.3548502027988434	0.75
2927.1843727493956	1200	27.25181104330715	0.0	587236	8547.546611645323	0.6831575632095337	0.75
2931.230363762079	750	27.205820030624185	0.0	379700	4045.9910126829623	0.28689470887184143	0.3
2934.359309117942	750	28.076874674761136	0.0	425781	3128.945355863048	0.004705176223069429	0.75
2935.915935263496	750	30.52024852920694	0.0	277716	1556.6261455541958	0.01648740842938423	0.75
2937.4194936513313	750	33.016690141371654	0.0	400396	1503.5583878352852	0.3865756690502167	0.75
2940.529746818189	1200	33.90643697451387	0.0	641447	3110.2531668577794	0.01195286214351654	0.75
2943.262197813406	1200	35.17398597929701	0.0	570392	2732.4509952168632	0.004705176223069429	1.2
2946.1652577188206	1200	36.270926073882684	0.0	620283	2903.0599054143195	0.004705176223069429	1.2
2948.350301060095	1200	38.08588273260827	0.0	584349	2185.0433412744137	0.006041820626705885	1.2
2951.0080366403085	1200	39.428147152394935	0.0	670129	2657.73558021333	0.11154419183731079	1.2
2954.0496148070742	1200	40.386568985628955	0.0	690253	3041.5781667659858	0.6502398252487183	1.2
2960.2198370951737	2850	38.216346697529865	0.0	1439896	6170.222288099092	0.5937573313713074	1.2000000000000002
2965.3729599243497	2850	37.06322386835372	0.0	1139291	5153.122829176154	0.004705176223069429	2.85
2984.625357292859	2850	21.810826499844502	0.0	1499009	19252.397368509213	0.004705176223069429	2.85
2986.8032402065805	750	23.632943586122902	0.0	378327	2177.882913721597	0.4771885573863983	-1.35
2995.187132126734	1200	19.249051665969528	0.0	587506	8383.891920153377	0.026885448023676872	0.75
3001.0809409299327	1200	17.355242862771313	0.0	566904	5893.808803198215	0.2956276834011078	1.2
3005.150725213108	1200	17.28545857959563	0.0	641452	4069.784283175685	0.10722029209136963	1.2
3007.4569255129104	1200	18.979258279793346	0.0	599477	2306.200299802284	0.00682743638753891	1.2
3010.7288791371925	1200	19.707304655511305	0.0	634861	3271.9536242820413	0.007258356083184481	1.2
3013.635140941034	1200	20.801042851669802	0.0	630203	2906.2618038415035	0.6957848072052002	1.2
3016.408872304442	1200	22.027311488262065	0.0	638661	2773.7313634077377	0.6753336191177368	1.2
3021.2531928882313	2850	21.182990904472653	0.0	1231456	4844.320583789415	0.0573364794254303	1.2000000000000002
3027.1795188217925	2850	19.256664970911498	0.0	1364537	5926.325933561155	0.004705176223069429	2.85

