2489.6581394930568	750	4.0	2.287148895543779	450283	2287.148895543779	0.011733897030353546	-9.084740250838248
2492.0759912407975	750	5.582148252258925	0.0	398865	2417.8517477410755	0.6145094037055969	0.75
2492.9483626724036	300	8.70977682065295	0.0	139857	872.3714316059757	0.5450646877288818	-0.15000000000000002
2493.7750025752994	300	11.88313691775734	0.0	155432	826.6399028956071	0.027452141046524048	0.3
2495.874608563839	750	13.783530929217477	0.0	411561	2099.605988539864	0.5137068033218384	0.3
2498.3055324521133	1200	15.352607040943088	0.0	520315	2430.923888274389	0.4471273422241211	0.75
2501.141036351952	1200	16.51710314110454	0.0	561791	2835.5038998385508	0.005283738952130079	1.2
2507.369017549498	1200	14.289121943558754	0.0	709534	6227.981197545783	0.0075899758376181126	1.2
2512.36063150059	750	13.297507992466592	0.0	374758	4991.613951092162	0.5214681625366211	0.3
2514.805029295518	300	14.853110197538438	0.0	139105	2444.3977949281543	0.47029030323028564	-0.15000000000000002
2517.6457907509953	300	16.01234874206141	0.0	141840	2840.7614554770284	0.008178811520338058	0.3
2520.1303482879957	300	17.52779120506093	0.0	156148	2484.5575370004794	0.008529960177838802	0.3
2524.376091291467	300	17.282048201589493	0.0	160746	4245.743003471438	0.06096816807985306	0.3
2528.686405681763	300	16.971733811293834	0.0	179801	4310.314390295657	0.004875506274402142	0.3
2531.264260310548	300	18.393879182508563	0.0	140051	2577.8546287852687	0.004705176223069429	0.3
2533.63513575512	300	20.023003737936797	0.0	138313	2370.8754445717677	0.0057793776504695415	0.3
2535.960981619346	300	21.697157873710662	0.0	143509	2325.845864226136	0.019846897572278976	0.3
2538.37765929818	300	23.280480194876873	0.0	150616	2416.6776788337897	0.16930460929870605	0.3
2540.6050101362475	300	25.05312935680913	0.0	165384	2227.350838067741	0.6088817119598389	0.3
2544.9864144907665	750	24.671725002290362	0.0	350713	4381.404354518772	0.3190152049064636	0.3
2550.0950044295532	750	23.56313506350365	0.0	386472	5108.58993878671	0.004705176223069429	0.75
2558.9360652582873	750	18.72207423476957	0.0	399894	8841.060828734084	0.004705176223069429	0.75
2563.056222344153	300	18.601917148903834	0.0	163927	4120.157085865732	0.010463157668709755	-0.15000000000000002
2565.939928599806	300	19.718210893250813	0.0	137654	2883.70625565302	0.004705176223069429	0.3
2568.7166292431366	300	20.941510249920636	0.0	146754	2776.700643330176	0.017409006133675575	0.3
2572.7204682798238	300	20.93767121323358	0.0	153938	4003.8390366870576	0.04734393209218979	0.3
2577.343230191396	300	20.31490930166164	0.0	181901	4622.761911571937	0.030327409505844116	0.3
2579.4340898005566	300	22.224049692500394	0.0	111155	2090.8596091612444	0.008099691942334175	0.3
2581.677124658039	300	23.981014835018243	0.0	153605	2243.03485748215	0.15127545595169067	0.3
2583.0504442675306	300	26.607695225526587	0.0	149029	1373.3196094916557	0.686292290687561	0.3
2586.026668235777	750	27.63147125728	0.0	358218	2976.2239682465843	0.01574445515871048	0.3
2588.737138226291	750	28.921001266766226	0.0	400322	2710.4699905137736	0.0050353710539639	0.75
2591.237208438926	750	30.420931054130808	0.0	369834	2500.070212635417	0.03220118582248688	0.75
2593.751655295744	750	31.90648419731242	0.0	412837	2514.4468568183875	0.11090434342622757	0.75
2596.3127361913957	750	33.34540330166097	0.0	401088	2561.0808956514456	0.6712589263916016	0.75
2599.6950120402466	1200	33.9631274528097	0.0	598727	3382.2758488512736	0.3690572679042816	0.75
2603.076432309255	1200	34.581707183801534	0.0	487812	3381.4202690081647	0.004705176223069429	1.2
2608.4844854013068	1200	33.1736540917496	0.0	575591	5408.053092051936	0.004705176223069429	1.2
2613.3982123977034	1200	32.25992709535295	0.0	605884	4913.7269963966455	0.004705176223069429	1.2
2620.136104838749	1200	29.522034654307575	0.0	587506	6737.892441045373	0.004705176223069429	1.2
2624.2933899712293	1200	29.364749521827303	0.0	566904	4157.285132480274	0.008476441726088524	1.2
2629.8169145267966	1200	27.841224966260082	0.0	641452	5523.524555567222	0.004705176223069429	1.2
2635.9809151378736	1200	25.677224355182794	0.0	599477	6164.000611077289	0.004705176223069429	1.2
2645.8962451494713	1200	19.761894343585023	0.0	634861	9915.33001159777	0.005539214238524437	1.2
2652.4344129687915	750	17.22372652426501	0.0	398987	6538.167819320012	0.3818312883377075	0.3
2660.009839130159	750	13.64830036289767	0.0	393804	7575.426161367342	0.004895837511867285	0.75
2664.747723685909	750	12.910415807147585	0.0	331053	4737.8845557500845	0.01963816024363041	0.75
2666.9612858093087	750	14.696853683747895	0.0	314107	2213.5621233996894	0.004851519130170345	0.75

