4493.87231654036	750	4.0	12.266701258043659	450283	12266.701258043659	0.005861923564225435	-51.99681540958773
4498.50423707062	300	4.0	0.6319205302601922	155580	4631.920530260192	0.004705176223069429	-2.867258280118827
4501.552068736953	300	4.952168333667658	0.0	139857	3047.8316663323417	0.004705176223069429	0.3
4504.821545174191	300	5.682691896429397	0.0	155432	3269.4764372382615	0.004705176223069429	0.3
4508.178820594997	300	6.325416475623024	0.0	163442	3357.275420806372	0.004705176223069429	0.3
4510.306586060045	300	8.19765101057458	0.0	126289	2127.765465048444	0.004705176223069429	0.3
4512.511912528204	300	9.99232454241477	0.0	153295	2205.326468159809	0.004705176223069429	0.3
4514.708273593878	300	11.795963476741463	0.0	173849	2196.3610656733085	0.004705176223069429	0.3
4516.516279923838	300	13.987957146781996	0.0	150710	1808.006329959466	0.004705176223069429	0.3
4518.188018126896	300	16.316218943722877	0.0	139105	1671.7382030591195	0.004705176223069429	0.3
4519.634621053233	300	18.86961601738669	0.0	141840	1446.6029263361888	0.021349353715777397	0.3
4521.252609864769	300	21.251627205851133	0.0	156148	1617.9888115355566	0.27323758602142334	0.3
4525.279051619634	750	21.225185450985407	0.0	386351	4026.4417548657257	0.6166260242462158	0.3
4530.081525557363	750	20.42271151325612	0.0	434409	4802.473937729283	0.004705176223069429	0.75
4534.090536735283	750	20.413700335335875	0.0	337059	4009.01117792025	0.007906069047749043	0.75
4539.354803095545	750	19.149433975073176	0.0	366214	5264.266360262697	0.007298039738088846	0.75
4543.555170543607	750	18.949066527011198	0.0	360831	4200.36744806198	0.0739651769399643	0.75
4547.502808119605	750	19.001428951013473	0.0	372963	3947.6375759977245	0.015836236998438835	0.75
4552.053866770609	750	18.450370300010768	0.0	405596	4551.058651002707	0.01108488254249096	0.75
4557.380195978032	750	17.124041092586896	0.0	350713	5326.329207423872	0.03268231078982353	0.75
4561.689798544953	750	16.81443852566547	0.0	386472	4309.602566921429	0.6730188131332397	0.75
4564.339574354325	750	18.16466271629327	0.0	399894	2649.775809372199	0.36921024322509766	0.75
4567.403424921661	750	19.100812148957832	0.0	401853	3063.8505673354357	0.004724247381091118	0.75
4569.8169406865545	750	20.68729638406354	0.0	343800	2413.5157648942964	0.004705176223069429	0.75
4572.301044491802	750	22.203192578816356	0.0	359903	2484.1038052471804	0.007340415380895138	0.75
4575.412587225727	750	23.091649844889666	0.0	379700	3111.5427339266894	0.011081095784902573	0.75
4578.005234193939	750	24.49900287667875	0.0	425781	2592.6469682109177	0.007191595155745745	0.75
4579.877703745587	750	26.626533325030472	0.0	277716	1872.469551648279	0.11286921054124832	0.75
4582.605976354633	750	27.8982607159847	0.0	400396	2728.27260904577	0.22631770372390747	0.75
4585.528598351955	750	28.975638718661934	0.0	400508	2922.6219973227694	0.5455074310302734	0.75
4588.2031998115945	750	30.301037259022337	0.0	358218	2674.6014596395953	0.5247838497161865	0.75
4591.067501703055	750	31.436735367560896	0.0	400322	2864.30189146144	0.5248084664344788	0.75
4593.063306325476	750	33.440930745140285	0.0	369834	1995.8046224206148	0.6916685700416565	0.75
4597.409656091643	1200	33.094580978973774	0.0	670129	4346.349766166509	0.1015450730919838	0.75
4601.7263709839	1200	32.77786608671782	0.0	690253	4316.714892255959	0.004705176223069429	1.2
4605.764087779977	1200	32.740149290640545	0.0	598727	4037.7167960772717	0.004705176223069429	1.2
4609.105859083343	1200	33.398377987274245	0.0	487812	3341.771303366305	0.004705176223069429	1.2
4613.195863283956	1200	33.308373786659935	0.0	575591	4090.004200614313	0.004705176223069429	1.2
4618.735282710925	1200	31.768954359691	0.0	605884	5539.419426968933	0.004705176223069429	1.2
4623.578019515868	1200	30.92621755474939	0.0	587506	4842.736804941609	0.004705176223069429	1.2
4630.901604625735	1200	27.60263244488203	0.0	566904	7323.585109867359	0.004705176223069429	1.2
4634.609710720469	1200	27.894526350148638	0.0	641452	3708.106094733395	0.02120799757540226	1.2
4638.201879191042	1200	28.302357879574874	0.0	599477	3592.168470573764	0.0080797728151083	1.2
4641.791246729801	1200	28.71299034081517	0.0	634861	3589.367538759702	0.03622709587216377	1.2
4651.831320514529	1200	22.672916556087948	0.0	630203	10040.073784727221	0.37717604637145996	1.2
4662.609344548011	1200	15.894892522605948	0.0	638661	10778.024033482	0.17780083417892456	1.2
4665.109550261196	750	17.394686809421117	0.0	331053	2500.2057131848337	0.013005467131733894	0.3
4672.302836764796	1200	14.201400305820808	0.0	550906	7193.286503600308	0.3371284008026123	0.75

