13651.143254836445	750	4.0	6.650702047500183	450283	6650.702047500184	0.06161666661500931	-27.84801880425079
13654.351586877821	300	4.7916679586228605	0.0	155580	3208.33204137714	0.004705176223069429	-0.15000000000000002
13657.10468465679	300	6.038570179654275	0.0	139857	2753.0977789685853	0.004705176223069429	0.3
13660.694173984008	300	6.449080852435839	0.0	155432	3589.4893272184354	0.004705176223069429	0.3
13664.188497249137	300	6.9547575873057905	0.0	163442	3494.323265130049	0.004705176223069429	0.3
13665.744059324794	300	9.399195511649754	0.0	126289	1555.5620756560363	0.004705176223069429	0.3
13667.997648029172	300	11.145606807272678	0.0	153295	2253.5887043770767	0.004705176223069429	0.3
13670.572881840935	300	12.570372995509178	0.0	173849	2575.233811763499	0.004705176223069429	0.3
13672.982579860714	300	14.16067497572826	0.0	150710	2409.6980197809194	0.004705176223069429	0.3
13675.510530421889	300	15.632724414555573	0.0	139105	2527.950561172686	0.004705176223069429	0.3
13678.23727863265	300	16.905976203793937	0.0	141840	2726.7482107616383	0.004705176223069429	0.3
13681.116601903688	300	18.02665293275635	0.0	156148	2879.3232710375887	0.005501791834831238	0.3
13683.14901996586	300	19.99423487058342	0.0	160746	2032.4180621729286	0.00866258516907692	0.3
13685.593023709736	300	21.550231126707583	0.0	179801	2444.003743875837	0.1510661095380783	0.3
13687.537473370989	300	23.605781465455838	0.0	140051	1944.4496612517448	0.4437812864780426	0.3
13691.724102705093	750	23.419152131350156	0.0	366214	4186.629334105685	0.5369070768356323	0.3
13695.733241595139	750	23.41001324130564	0.0	360831	4009.138890044513	0.004705176223069429	0.75
13700.207610914216	750	22.935643922228962	0.0	372963	4474.36931907668	0.004705176223069429	0.75
13704.966532854985	750	22.176721981459774	0.0	405596	4758.921940769188	0.004705176223069429	0.75
13709.803883465547	750	21.339371370898043	0.0	350713	4837.350610561729	0.004705176223069429	0.75
13714.750647049012	750	20.392607787432578	0.0	386472	4946.763583465463	0.005619846284389496	0.75
13718.41994021778	750	20.723314618664258	0.0	399894	3669.29316876832	0.0096383485943079	0.75
13721.887946698196	750	21.25530813824843	0.0	401853	3468.006480415827	0.004705176223069429	0.75
13725.067716998019	750	22.075537838427124	0.0	343800	3179.770299821305	0.004705176223069429	0.75
13729.976332353797	750	21.166922482649216	0.0	359903	4908.615355777907	0.004705176223069429	0.75
13734.904074999718	750	20.239179836728084	0.0	379700	4927.742645921135	0.005455279257148504	0.75
13738.559272997452	750	20.58398183899465	0.0	425781	3655.1979977334327	0.008890148252248764	0.75
13741.066381329214	750	22.076873507232104	0.0	277716	2507.1083317625466	0.004705176223069429	0.75
13746.238821784249	750	20.904433052197447	0.0	400396	5172.4404550346535	0.004705176223069429	0.75
13752.342990555955	750	18.80026428049071	0.0	400508	6104.16877170674	0.004705176223069429	0.75
13758.923352499049	750	16.21990233739611	0.0	358218	6580.361943094598	0.08340296149253845	0.75
13760.113603481854	300	19.029651354591355	0.0	157488	1190.2509828047537	0.32932808995246887	-0.15000000000000002
13763.3091448926	750	19.834109943844087	0.0	369834	3195.5414107472675	0.5407854914665222	0.3
13767.941392541368	750	19.201862295078023	0.0	412837	4632.247648766064	0.004705176223069429	0.75
13776.254809882486	750	14.888444953959127	0.0	401088	8313.417341118897	0.004705176223069429	0.75
13779.642476159479	300	15.500778676966478	0.0	159914	3387.666276992649	0.007406991440802813	-0.15000000000000002
13782.136883304362	300	17.00637153208493	0.0	131610	2494.4071448815484	0.004875462502241135	0.3
13784.838188714792	300	18.305066121654622	0.0	124011	2701.3054104303087	0.06639177352190018	0.3
13788.374222659022	300	18.76903217742442	0.0	144254	3536.0339442301993	0.5178304314613342	0.3
13792.53800453016	750	18.60525030628403	0.0	390680	4163.7818711403925	0.6565902233123779	0.3
13795.723512982557	750	19.419741853888304	0.0	345516	3185.5084523957257	0.004705176223069429	0.75
13798.759843140842	750	20.383411695602277	0.0	384505	3036.330158286026	0.007043397519737482	0.75
13801.674553521063	750	21.46870131538088	0.0	372093	2914.7103802213983	0.08572191745042801	0.75
13805.35902816741	750	21.784226669034336	0.0	438281	3684.4746463465467	0.4120035171508789	0.75
13812.83087313956	750	18.3123816968867	0.0	398987	7471.844972147636	0.6483192443847656	0.75
13820.836057176699	750	14.307197659746485	0.0	393804	8005.184037140214	0.004705176223069429	0.75
13828.820241648458	750	10.323013187986199	0.0	331053	7984.184471760287	0.05560273304581642	0.75
13830.613697115483	300	12.529557720961405	0.0	118421	1793.4554670247933	0.172216534614563	-0.15000000000000002

