17610.67826300257	750	4.0	0.9321555281170851	450283	932.1555281170852	0.01077753771096468	-3.2582687709034657
17611.816348837117	1200	6.861914165452815	0.0	611087	1138.0858345471852	0.004705176223069429	0.75
17612.804517504977	1200	9.873745497592505	0.0	571051	988.1686678603105	0.004705176223069429	1.2
17613.97240612344	1200	12.705856879132396	0.0	617681	1167.8886184601092	0.004705176223069429	1.2
17615.154169056717	1200	15.524093945855023	0.0	652874	1181.7629332773727	0.004705176223069429	1.2
17616.16814950642	1200	18.510113496153593	0.0	520315	1013.9804497014326	0.004705176223069429	1.2
17617.147924706285	1200	21.530338296287823	0.0	561791	979.7751998657694	0.07774703204631805	1.2
17619.953871436905	2850	22.724391565666696	0.0	1638769	2805.946730621125	0.27117547392845154	1.2000000000000002
17624.118418465718	4300	22.559844536853205	0.0	2055469	4164.547028813495	0.5606240034103394	2.8499999999999996
17628.825703879487	4300	21.852559123084536	0.0	2169201	4707.285413768671	0.004705176223069429	4.3
17633.603811192406	4300	21.07445181016522	0.0	2173522	4778.107312919316	0.004705176223069429	4.3
17637.635127173962	4300	21.04313582860753	0.0	2102452	4031.3159815576873	0.008916374295949936	4.3
17641.68906106082	4300	20.989201941753155	0.0	2209463	4053.933886854376	0.00638169702142477	4.3
17646.047539774263	4300	20.630723228312462	0.0	2275376	4358.478713440696	0.007926802150905132	4.3
17650.084734216038	4300	20.593528786534037	0.0	2005399	4037.1944417784234	0.00547607010230422	4.3
17654.57958799149	4300	20.09867501108101	0.0	2152483	4494.853775453024	0.009121210314333439	4.3
17658.747998291783	4300	19.930264710788588	0.0	2289689	4168.41030029242	0.02840721234679222	4.3
17662.50549838113	4300	20.172764621441157	0.0	2059512	3757.5000893474303	0.0096236327663064	4.3
17666.638995401045	4300	20.039267601527595	0.0	2220726	4133.497019913562	0.007106500677764416	4.3
17670.576063152224	4300	20.10219985034797	0.0	2156729	3937.0677511796225	0.005367363337427378	4.3
17674.285450994506	4300	20.392812008065984	0.0	2039773	3709.387842281988	0.005116064567118883	4.3
17678.337834921535	4300	20.34042808103817	0.0	2176469	4052.3839270278154	0.004970286041498184	4.3
17682.268512109833	4300	20.409750892739314	0.0	2221506	3930.677188298856	0.005462719593197107	4.3
17686.02589642554	4300	20.652366577031962	0.0	2044075	3757.3843157073507	0.004705176223069429	4.3
17690.272240380968	4300	20.406022621603903	0.0	2186790	4246.343955428061	0.004705176223069429	4.3
17694.49381484559	4300	20.184448156981446	0.0	2105231	4221.5744646224575	0.004705176223069429	4.3
17698.912058301103	4300	19.766204701470137	0.0	2395588	4418.243455511305	0.006656833924353123	4.3
17702.985924467506	4300	19.692338535064838	0.0	1972048	4073.8661664052984	0.004705176223069429	4.3
17706.869335996682	4300	19.808927005890386	0.0	2134614	3883.411529174453	0.0068028774112463	4.3
17710.678159998617	4300	20.000103003955797	0.0	2164140	3808.8240019345913	0.005208509974181652	4.3
17714.85709222765	4300	19.821170774926543	0.0	2113193	4178.932229029251	0.004705176223069429	4.3
17718.721159382265	4300	19.95710362031113	0.0	2147852	3864.067154615416	0.004705176223069429	4.3
17722.673244742913	4300	20.0050182596667	0.0	2191074	3952.08536064443	0.004705176223069429	4.3
17726.658049906557	4300	20.02021309602248	0.0	2286761	3984.8051636442165	0.004705176223069429	4.3
17730.663906077185	4300	20.014356925392903	0.0	2307787	4005.856170629578	0.004705176223069429	4.3
17735.20289731069	4300	19.47536569188687	0.0	2143948	4538.99123350603	0.004705176223069429	4.3
17739.401959957748	4300	19.276303044826484	0.0	1919781	4199.062647060389	0.004705176223069429	4.3
17744.12388255622	4300	18.554380446354067	0.0	2147467	4721.922598472417	0.004705176223069429	4.3
17748.10562154751	4300	18.572641455064154	0.0	2133870	3981.738991289913	0.004705176223069429	4.3
17752.03339437747	4300	18.64486862510736	0.0	2146120	3927.7728299567925	0.004705176223069429	4.3
17756.101084679856	4300	18.57717832272031	0.0	2108491	4067.690302387048	0.004705176223069429	4.3
17760.727599297137	4300	17.950663705441844	0.0	2184571	4626.51461727847	0.004705176223069429	4.3
17764.87369469984	4300	17.804568302737913	0.0	2121928	4146.095402703931	0.004705176223069429	4.3
17768.907570970467	4300	17.770692032109476	0.0	2219102	4033.876270628437	0.004705176223069429	4.3
17772.82804257499	4300	17.85022042758767	0.0	2124950	3920.4716045218083	0.004705176223069429	4.3
17776.99694262229	4300	17.6813203802897	0.0	2246506	4168.900047297967	0.004705176223069429	4.3
17780.556770182513	4300	18.121492820067164	0.0	1961140	3559.8275602225385	0.004705176223069429	4.3
17784.50794504253	4300	18.170317960050195	0.0	2155012	3951.1748600169694	0.004705176223069429	4.3

