1130.306280483813	750	4.0	5.259051639025879	450283	5259.051639025879	-1.000000082240371e-09	-21.86392204781128
1131.8515065464624	300	6.454773937350686	0.0	155580	1545.2260626493135	-1.000000082240371e-09	-0.15000000000000002
1133.3144172131608	300	8.991863270652232	0.0	139857	1462.9106666984549	-1.000000082240371e-09	0.3
1136.586784036339	750	9.719496447474015	0.0	382355	3272.3668231782153	-1.000000082240371e-09	0.3
1142.7080640754946	1200	7.598216408318319	0.0	652874	6121.280039155697	-1.000000082240371e-09	0.75
1145.3701947139548	750	8.93608576985811	0.0	318564	2662.1306384602094	-1.000000082240371e-09	0.3
1148.0505558252905	750	10.25572465852238	0.0	352642	2680.3611113357288	-1.000000082240371e-09	0.75
1152.7843034601106	1200	9.521977023702478	0.0	709534	4733.7476348199025	-1.000000082240371e-09	0.75
1156.243254059826	1200	10.063026423986802	0.0	584846	3458.950599715677	-1.000000082240371e-09	1.2
1159.3967377508818	1200	10.909542732931104	0.0	560821	3153.4836910556974	-1.000000082240371e-09	1.2
1162.8859032640287	1200	11.420377219784198	0.0	607410	3489.1655131469056	-1.000000082240371e-09	1.2
1169.068761845614	1850	9.237518638198875	0.0	917428	6182.858581585325	-1.000000082240371e-09	1.2000000000000002
1172.327848212397	1200	9.978432271415993	0.0	624282	3259.0863667828826	-1.000000082240371e-09	0.5499999999999999
1175.7846711829936	1200	10.52160930081931	0.0	687371	3456.822970596682	-1.000000082240371e-09	1.2
1179.4560057408792	1200	10.850274742933786	0.0	526950	3671.334557885524	-1.000000082240371e-09	1.2
1182.3547039642447	1200	11.951576519568382	0.0	587876	2898.698223365405	-1.000000082240371e-09	1.2
1187.304365704603	1850	11.00191477920989	0.0	966699	4949.661740358491	-1.000000082240371e-09	1.2000000000000002
1191.4514161614243	1850	10.854864322388584	0.0	885714	4147.050456821305	-1.000000082240371e-09	1.85
1195.2154286899518	1200	11.090851793861159	0.0	639204	3764.012528527427	-1.000000082240371e-09	0.5499999999999999
1201.7679039388102	1850	8.538376545002864	0.0	923755	6552.475248858294	-1.000000082240371e-09	1.2000000000000002
1204.4998032696562	750	9.806477214156912	0.0	386472	2731.8993308459517	-1.000000082240371e-09	-0.3500000000000001
1209.3045576819857	1200	9.001722801827475	0.0	616206	4804.754412329437	-1.000000082240371e-09	0.75
1213.7883195730633	1200	8.517960910749741	0.0	656471	4483.761891077732	-1.000000082240371e-09	1.2
1216.7359734947534	750	9.570306989059821	0.0	343800	2947.6539216899196	-1.000000082240371e-09	0.3
1220.8709795391476	1200	9.435300944665595	0.0	587236	4135.006044394227	-1.000000082240371e-09	0.75
1224.5395897589485	1200	9.766690724864825	0.0	590335	3668.610219800771	-1.000000082240371e-09	1.2
1228.1265178074998	1200	10.179762676313397	0.0	696376	3586.928048551429	-1.000000082240371e-09	1.2
1230.6879001167104	1200	11.618380367102622	0.0	487160	2561.382309210774	-1.000000082240371e-09	1.2
1237.6340558342074	1850	8.67222464960565	0.0	972798	6946.155717496973	-1.000000082240371e-09	1.2000000000000002
1240.4115846724485	750	9.89469581136458	0.0	400508	2777.5288382410686	-1.000000082240371e-09	-0.3500000000000001
1245.2685034314757	1200	9.037777052337324	0.0	570392	4856.918759027256	-1.000000082240371e-09	0.75
1251.429339658411	1200	6.876940825401944	0.0	620283	6160.836226935379	-1.000000082240371e-09	1.2
1252.8855208232944	300	9.42075966051829	0.0	143881	1456.1811648836547	-1.000000082240371e-09	-0.6000000000000001
1258.631579654303	1200	7.6747008295095975	0.0	670129	5746.058831008692	-1.000000082240371e-09	0.29999999999999993
1262.3520277346063	750	7.954252749206501	0.0	401088	3720.4480803030965	-1.000000082240371e-09	0.3
1265.7841057397247	750	8.522174744087991	0.0	365161	3432.07800511851	-1.000000082240371e-09	0.75
1268.8759419648309	750	9.43033851898194	0.0	321064	3091.836225106052	-1.000000082240371e-09	0.75
1274.1282311154114	1200	8.178049368401643	0.0	575591	5252.289150580297	-1.000000082240371e-09	0.75
1278.295568964136	750	8.010711519676844	0.0	378327	4167.337848724799	-1.000000082240371e-09	0.3
1282.429156419007	750	7.877124064805886	0.0	390680	4133.587454870957	-1.000000082240371e-09	0.75
1287.1563825225182	750	7.149897961294642	0.0	345516	4727.226103511244	-1.000000082240371e-09	0.75
1291.0599008553816	750	7.246379628431499	0.0	384505	3903.5183328631438	-1.000000082240371e-09	0.75
1294.6480847650137	750	7.658195718799167	0.0	372093	3588.183909632332	-1.000000082240371e-09	0.75
1299.0045032016549	750	7.301777282158126	0.0	438281	4356.418436641041	-1.000000082240371e-09	0.75
1303.052813347429	750	7.253467136383993	0.0	398987	4048.310145774133	-1.000000082240371e-09	0.75
1306.7487831003848	750	7.557497383428308	0.0	393804	3695.969752955684	-1.000000082240371e-09	0.75
1310.8837267287693	750	7.422553755043851	0.0	331053	4134.943628384457	-1.000000082240371e-09	0.75
1315.3025303471172	750	7.00375013669585	0.0	314107	4418.803618348001	-1.000000082240371e-09	0.75

