6486.349977040289	750	4.0	3.8635903273045304	450283	3863.5903273045305	0.0075721945613622665	-15.863438407409479
6487.590314446535	300	6.759662593753583	0.0	155580	1240.3374062464177	0.004705176223069429	-0.15000000000000002
6489.011297625288	300	9.338679415001378	0.0	139857	1420.983178752206	0.004705176223069429	0.3
6490.369726574551	300	11.980250465737047	0.0	155432	1358.428949264331	0.004705176223069429	0.3
6491.617932900564	300	14.732044139724767	0.0	163442	1248.2063260122802	0.028792545199394226	0.3
6492.57861471721	300	17.77136232307799	0.0	126289	960.681816646775	0.6696531772613525	0.3
6495.386559791654	750	18.963417248635484	0.0	352642	2807.9450744425076	0.5092588067054749	0.3
6499.061579353299	750	19.28839768699031	0.0	437162	3675.019561645172	0.015751836821436882	0.75
6501.9470376857225	750	20.402939354567277	0.0	374758	2885.458332423037	0.009477407671511173	0.75
6504.846820146073	750	21.503156894216996	0.0	362795	2899.7824603502795	0.01316930167376995	0.75
6507.86222027839	750	22.487756761899444	0.0	353220	3015.400132317556	0.011610956862568855	0.75
6511.737848882068	750	22.612128158221694	0.0	405134	3875.6286036777506	0.010935244150459766	0.75
6515.283651656681	750	23.066325383607875	0.0	386351	3545.802774613819	0.00549460481852293	0.75
6519.507045531201	750	22.842931509089357	0.0	434409	4223.393874518517	0.004885496571660042	0.75
6522.986730752561	750	23.36324628772862	0.0	337059	3479.6852213607376	0.004705176223069429	0.75
6529.790176346189	750	20.559800694101575	0.0	366214	6803.445593627045	0.004705176223069429	0.75
6538.196271863819	750	16.153705176470506	0.0	360831	8406.095517631069	0.0806465670466423	0.75
6541.729959751086	300	16.620017289203407	0.0	150616	3533.6878872670986	0.005475599318742752	-0.15000000000000002
6546.218864342161	300	16.131112698128625	0.0	165384	4488.904591074781	0.004705176223069429	0.3
6549.365975934365	300	16.984001105924648	0.0	140881	3147.1115922039803	0.004705176223069429	0.3
6553.176207450457	300	17.173769589833537	0.0	157671	3810.23151609111	0.004705176223069429	0.3
6556.446048280948	300	17.903928759342353	0.0	157812	3269.8408304911836	0.004705176223069429	0.3
6560.046003951998	300	18.303973088293038	0.0	163927	3599.9556710493166	0.004705176223069429	0.3
6564.044522733464	300	18.305454306826245	0.0	137654	3998.518781466791	0.004705176223069429	0.3
6568.578028241603	300	17.77194879868732	0.0	146754	4533.50550813893	0.004705176223069429	0.3
6572.1870393509735	300	18.162937689316955	0.0	153938	3609.0111093703613	0.004705176223069429	0.3
6574.365546174473	300	19.98443086581708	0.0	181901	2178.506823499873	0.004705176223069429	0.3
6575.481117318173	300	22.86885972211732	0.0	111155	1115.5711436997601	0.07860870659351349	0.3
6579.602252708408	750	22.747724331882438	0.0	400396	4121.135390234886	0.5279477834701538	0.3
6587.8359413261505	750	18.51403571413949	0.0	400508	8233.688617742948	0.004705176223069429	0.75
6592.730220519793	300	17.619756520496942	0.0	157421	4894.279193642546	0.057883087545633316	-0.15000000000000002
6596.539199852219	300	17.810777188071317	0.0	157488	3808.9793324256284	0.004705176223069429	0.3
6600.542662970247	300	17.807314070043663	0.0	143881	4003.4631180276524	0.0049993544816970825	0.3
6604.601522836259	300	17.748454204030768	0.0	163444	4058.859866012896	0.005642786622047424	0.3
6609.086665412676	300	17.263311627614545	0.0	179328	4485.142576416223	0.006296421401202679	0.3
6613.888591616689	300	16.461385423601	0.0	159914	4801.926204013544	0.004705176223069429	0.3
6617.01608101122	300	17.33389602907048	0.0	131610	3127.48939453052	0.004705176223069429	0.3
6619.1915248720725	300	19.158452168218034	0.0	124011	2175.4438608524465	0.01482038851827383	0.3
6621.480498230527	300	20.86947880976288	0.0	144254	2288.973358455154	0.6047939658164978	0.3
6629.615764027367	750	16.734213012923682	0.0	390680	8135.265796839196	0.17577946186065674	0.3
6632.980461101594	300	17.369515938695745	0.0	147968	3364.6970742279354	0.4716744124889374	-0.15000000000000002
6637.487856143392	300	16.862120896898716	0.0	161857	4507.395041797031	0.18920722603797913	0.3
6641.193462431665	300	17.156514608625365	0.0	145210	3705.606288273349	0.1069374680519104	0.3
6644.684670927327	300	17.665306112962515	0.0	172312	3491.20849566285	0.6891587376594543	0.3
6650.848553160905	750	15.501423879384994	0.0	398987	6163.882233577523	0.3475688099861145	0.3
6656.938567860737	750	13.411409179553553	0.0	393804	6090.01469983144	0.019972510635852814	0.75
6663.295980147897	750	11.05399689239294	0.0	331053	6357.412287160614	0.051544614136219025	0.75
6665.4849950646185	300	12.864981975671755	0.0	118421	2189.014916721183	0.6139808893203735	-0.15000000000000002

