9429.606762994077	750	4.0	3.1328471558220468	450283	3132.8471558220467	-1.000000082240371e-09	-12.7212427700348
9430.669202153898	300	6.937560840178129	0.0	155580	1062.4391598218708	-1.000000082240371e-09	-0.15000000000000002
9431.541595960754	300	10.065167033322226	0.0	139857	872.393806855903	-1.000000082240371e-09	0.3
9435.19907607771	1200	10.407686916368704	0.0	617681	3657.480116953522	-1.000000082240371e-09	0.29999999999999993
9439.506146152766	1200	10.100616841310547	0.0	652874	4307.070075058156	-1.000000082240371e-09	1.2
9443.496441479583	1200	10.110321514494702	0.0	520315	3990.2953268158444	-1.000000082240371e-09	1.2
9448.238843648049	1200	9.367919346029572	0.0	561791	4742.402168465132	-1.000000082240371e-09	1.2
9454.734712987522	1200	6.872050006556757	0.0	709534	6495.869339472815	-1.000000082240371e-09	1.2
9456.06489337168	300	9.541869622398485	0.0	150710	1330.1803841582716	-1.000000082240371e-09	-0.6000000000000001
9459.996524304408	1200	9.610238689670716	0.0	560821	3931.6309327277686	-1.000000082240371e-09	0.29999999999999993
9465.701396466895	1200	7.905366527185683	0.0	607410	5704.872162485033	-1.000000082240371e-09	1.2
9468.538228497544	750	9.068534496535623	0.0	405134	2836.832030650058	-1.000000082240371e-09	0.3
9474.040428331868	1200	7.566334662212488	0.0	624282	5502.199834323135	-1.000000082240371e-09	0.75
9477.183972812498	750	8.422790181580474	0.0	434409	3143.5444806320133	-1.000000082240371e-09	0.3
9479.830028483339	750	9.776734510739963	0.0	337059	2646.0556708405106	-1.000000082240371e-09	0.75
9483.942956659872	1200	9.663806334207067	0.0	587876	4112.928176532897	-1.000000082240371e-09	0.75
9488.954202441551	1200	8.652560552528922	0.0	617242	5011.245781678145	-1.000000082240371e-09	1.2
9492.46628619875	750	9.140476795328814	0.0	372963	3512.0837572001074	-1.000000082240371e-09	0.3
9497.653336017502	1200	7.953426976576393	0.0	639204	5187.04981875242	-1.000000082240371e-09	0.75
9500.785930503574	750	8.820832490502859	0.0	350713	3132.5944860735353	-1.000000082240371e-09	0.3
9504.094685541482	750	9.512077452594992	0.0	386472	3308.7550379078666	-1.000000082240371e-09	0.75
9509.869930080104	1200	7.736832913975662	0.0	616206	5775.244538619331	-1.000000082240371e-09	0.75
9512.641405062635	750	8.965357931444371	0.0	401853	2771.474982531289	-1.000000082240371e-09	0.3
9514.696549962204	750	10.910213031875355	0.0	343800	2055.1448995690166	-1.000000082240371e-09	0.75
9518.333972556378	1200	11.272790437701293	0.0	587236	3637.422594174062	-1.000000082240371e-09	0.75
9524.419706809402	1850	9.187056184677786	0.0	905935	6085.734253023508	-1.000000082240371e-09	1.2000000000000002
9530.409767046456	1200	7.196995947624058	0.0	696376	5990.060237053728	-1.000000082240371e-09	0.5499999999999999
9532.818013125585	750	8.788749868494754	0.0	277716	2408.246079129302	-1.000000082240371e-09	0.3
9536.716789616059	750	8.889973378020565	0.0	400396	3898.7764904741884	-1.000000082240371e-09	0.75
9539.959772878306	750	9.646990115774438	0.0	400508	3242.9832622461286	-1.000000082240371e-09	0.75
9543.90853251959	1200	9.698230474489655	0.0	570392	3948.7596412847815	-1.000000082240371e-09	0.75
9549.651737701104	1200	7.955025292974454	0.0	620283	5743.205181515202	-1.000000082240371e-09	1.2
9552.394239295549	750	9.212523698531841	0.0	369834	2742.5015944426123	-1.000000082240371e-09	0.3
9557.860913939961	1200	7.745849054118238	0.0	670129	5466.674644413603	-1.000000082240371e-09	0.75
9561.157308680045	750	8.44945431403517	0.0	401088	3296.3947400830675	-1.000000082240371e-09	0.3
9563.755928016071	750	9.85083497800718	0.0	365161	2598.61933602799	-1.000000082240371e-09	0.75
9567.405320466522	1200	10.201442527557266	0.0	487812	3649.3924504499146	-1.000000082240371e-09	0.75
9572.109763101487	1200	9.496999892593811	0.0	575591	4704.442634963454	-1.000000082240371e-09	1.2
9577.288303618756	1200	8.318459375325558	0.0	605884	5178.540517268252	-1.000000082240371e-09	1.2
9580.737706690636	750	8.869056303445305	0.0	390680	3449.403071880253	-1.000000082240371e-09	0.3
9583.750932329569	750	9.855830664511501	0.0	345516	3013.2256389338027	-1.000000082240371e-09	0.75
9589.83774381591	1200	7.7690191781706	0.0	641452	6086.811486340901	-1.000000082240371e-09	0.75
9592.731727194543	750	8.875035799537585	0.0	372093	2893.983378633014	-1.000000082240371e-09	0.3
9595.584344305898	750	10.02241868818253	0.0	438281	2852.6171113550545	-1.000000082240371e-09	0.75
9599.307332468234	1200	10.29943052584702	0.0	630203	3722.9881623355104	-1.000000082240371e-09	0.75
9603.50203240075	1200	10.10473059333055	0.0	638661	4194.699932516471	-1.000000082240371e-09	1.2
9607.63404134264	1200	9.972721651440779	0.0	538612	4132.00894188977	-1.000000082240371e-09	1.2
9612.283387360005	1200	9.323375634076843	0.0	550906	4649.346017363936	-1.000000082240371e-09	1.2

