21047.08491736197	750	4.0	3.3429362672757508	450283	3342.9362672757507	-1.000000082240371e-09	-13.624625949285727
21048.273039019088	300	6.811878342882704	0.0	155580	1188.1216571172963	-1.000000082240371e-09	-0.15000000000000002
21049.376199851653	300	9.708717510318698	0.0	139857	1103.160832564006	-1.000000082240371e-09	0.3
21053.96128860121	1200	9.123628760762658	0.0	617681	4585.088749556041	-1.000000082240371e-09	0.29999999999999993
21058.759293394472	1200	8.325623967502962	0.0	652874	4798.004793259697	-1.000000082240371e-09	1.2
21060.35919000374	750	10.725727358237497	0.0	318564	1599.8966092654628	-1.000000082240371e-09	0.3
21063.481266327384	1200	11.603651034591277	0.0	561791	3122.0763236462208	-1.000000082240371e-09	0.75
21068.507747529635	1850	10.57716983234198	0.0	1060487	5026.481202249297	-1.000000082240371e-09	1.2000000000000002
21071.194420739146	1200	11.890496622828138	0.0	584846	2686.673209513844	-1.000000082240371e-09	0.5499999999999999
21074.985111812795	1850	12.099805549179852	0.0	913888	3790.691073648287	-1.000000082240371e-09	1.2000000000000002
21079.417369699284	1850	11.667547662692382	0.0	939819	4432.25788648747	-1.000000082240371e-09	1.85
21085.54636272384	1850	9.538554638139397	0.0	917428	6128.993024552985	-1.000000082240371e-09	1.85
21092.58920160799	1200	6.495715753989204	0.0	624282	7042.838884150192	-1.000000082240371e-09	0.5499999999999999
21094.99752505793	300	8.087392304044167	0.0	179801	2408.3234499450364	-1.000000082240371e-09	-0.6000000000000001
21098.150076799517	750	8.93484056245855	0.0	337059	3152.551741585618	-1.000000082240371e-09	0.3
21102.183302822326	750	8.901614539650224	0.0	366214	4033.2260228083273	-1.000000082240371e-09	0.75
21106.54472244158	750	8.540194920394034	0.0	360831	4361.419619256189	-1.000000082240371e-09	0.75
21111.669592155373	750	7.415325206598309	0.0	372963	5124.869713795725	-1.000000082240371e-09	0.75
21118.366192350495	750	4.718725011476898	0.0	405596	6696.600195121412	-1.000000082240371e-09	0.75
21120.7714466262	300	6.313470735771465	0.0	140881	2405.254275705432	-1.000000082240371e-09	-0.15000000000000002
21122.700191389213	300	8.38472597275956	0.0	157671	1928.7447630119052	-1.000000082240371e-09	0.3
21125.077803130716	750	10.007114231259488	0.0	399894	2377.611741500072	-1.000000082240371e-09	0.3
21129.157477542885	1200	9.927439819091797	0.0	656471	4079.674412167691	-1.000000082240371e-09	0.75
21132.67387255255	1200	10.411044809426745	0.0	536667	3516.3950096650524	-1.000000082240371e-09	1.2
21136.543748009743	1200	10.541169352237139	0.0	587236	3869.8754571896056	-1.000000082240371e-09	1.2
21139.670972476793	1200	11.413944885185302	0.0	590335	3127.224467051838	-1.000000082240371e-09	1.2
21144.8246300566	1850	10.260287305379359	0.0	1076599	5153.657579805941	-1.000000082240371e-09	1.2000000000000002
21146.843035723658	1200	12.241881638319905	0.0	487160	2018.405667059454	-1.000000082240371e-09	0.5499999999999999
21151.640809072815	1850	11.444108289159681	0.0	972798	4797.773349160224	-1.000000082240371e-09	1.2000000000000002
21156.485126316813	1850	10.599791045164405	0.0	975811	4844.317243995277	-1.000000082240371e-09	1.85
21161.200717567903	1200	9.884199794075768	0.0	570392	4715.591251088636	-1.000000082240371e-09	0.5499999999999999
21167.122973985985	1200	7.961943375992972	0.0	620283	5922.256418082797	-1.000000082240371e-09	1.2
21173.71982130943	750	5.365096052546784	0.0	369834	6596.847323446187	-1.000000082240371e-09	0.3
21175.652993035696	300	7.431924326282897	0.0	163444	1933.1717262638872	-1.000000082240371e-09	-0.15000000000000002
21181.386837078637	750	5.698080283340411	0.0	401088	5733.844042942486	-1.000000082240371e-09	0.3
21183.991566613768	300	7.093350748210046	0.0	159914	2604.7295351303646	-1.000000082240371e-09	-0.15000000000000002
21188.33879526658	750	6.746122095398728	0.0	321064	4347.228652811318	-1.000000082240371e-09	0.3
21189.518796176344	300	9.566121185635486	0.0	124011	1180.0009097632417	-1.000000082240371e-09	-0.15000000000000002
21197.19475108117	1200	5.8901662808093125	0.0	605884	7675.954904826173	-1.000000082240371e-09	0.29999999999999993
21198.528927443618	300	8.555989918358126	0.0	149991	1334.1763624511857	-1.000000082240371e-09	-0.6000000000000001
21201.134472544338	750	9.950444817639644	0.0	345516	2605.545100718481	-1.000000082240371e-09	0.3
21205.808337439266	1200	9.276579922713026	0.0	641452	4673.864894926617	-1.000000082240371e-09	0.75
21210.42843381107	1200	8.656483550910945	0.0	599477	4620.096371802081	-1.000000082240371e-09	1.2
21213.50486023732	750	9.58005712466194	0.0	438281	3076.426426249005	-1.000000082240371e-09	0.3
21219.48983504344	1200	7.595082318537681	0.0	630203	5984.974806124259	-1.000000082240371e-09	0.75
21224.429436954335	750	6.655480407645071	0.0	393804	4939.60191089261	-1.000000082240371e-09	0.3
21226.14823569084	300	8.936681671140347	0.0	137507	1718.7987365047245	-1.000000082240371e-09	-0.15000000000000002
21229.061862138304	750	10.023055223675117	0.0	314107	2913.626447465228	-1.000000082240371e-09	0.3

