22529.239310599674	750	4.0	2.5585548523374078	450283	2558.5548523374077	-1.000000082240371e-09	-10.251785865050852
22530.17075818605	300	7.068552413622195	0.0	155580	931.447586377805	-1.000000082240371e-09	-0.15000000000000002
22532.754249815043	750	8.485060784629507	0.0	350812	2583.4916289926896	-1.000000082240371e-09	0.3
22535.305054914512	750	9.934255685160192	0.0	382355	2550.805099469316	-1.000000082240371e-09	0.75
22539.132487999275	1200	10.106822600397761	0.0	652874	3827.4330847624296	-1.000000082240371e-09	0.75
22542.139059469588	1200	11.100251130084624	0.0	520315	3006.5714703131384	-1.000000082240371e-09	1.2
22547.68162361279	1850	9.557686986886827	0.0	905515	5542.5641431977965	-1.000000082240371e-09	1.2000000000000002
22551.64603343756	1200	9.593277162117046	0.0	709534	3964.4098247697825	-1.000000082240371e-09	0.5499999999999999
22554.991839987997	1200	10.247470611676885	0.0	584846	3345.8065504401607	-1.000000082240371e-09	1.2
22559.08004576812	1200	10.159264831552006	0.0	560821	4088.205780124879	-1.000000082240371e-09	1.2
22565.080468607706	1200	8.15884199197146	0.0	607410	6000.422839580545	-1.000000082240371e-09	1.2
22568.14719684748	750	9.092113752198214	0.0	405134	3066.7282397732465	-1.000000082240371e-09	0.3
22573.100937123807	1200	8.138373475874126	0.0	624282	4953.740276324089	-1.000000082240371e-09	0.75
22579.993016157354	750	5.246294442325425	0.0	434409	6892.079033548701	-1.000000082240371e-09	0.3
22582.748091823065	300	6.491218776618312	0.0	140051	2755.0756657071133	-1.000000082240371e-09	-0.15000000000000002
22584.86684845061	300	8.372462149073348	0.0	138313	2118.7566275449626	-1.000000082240371e-09	0.3
22588.873648819368	750	8.365661780313863	0.0	360831	4006.800368759484	-1.000000082240371e-09	0.3
22592.202571826638	750	9.036738773045776	0.0	372963	3328.923007268088	-1.000000082240371e-09	0.75
22599.000339425816	1200	6.238971173865403	0.0	639204	6797.767599180373	-1.000000082240371e-09	0.75
22600.591190485895	300	8.648120113788881	0.0	140881	1590.8510600765235	-1.000000082240371e-09	-0.6000000000000001
22603.707352867666	750	9.531957732017917	0.0	386472	3116.1623817709633	-1.000000082240371e-09	0.3
22609.837559867683	1200	7.40175073200194	0.0	616206	6130.2070000159765	-1.000000082240371e-09	0.75
22613.778443284966	750	7.460867314720275	0.0	401853	3940.883417281664	-1.000000082240371e-09	0.3
22617.436021048183	750	7.8032895515036635	0.0	343800	3657.5777632166114	-1.000000082240371e-09	0.75
22621.630131547783	750	7.609179051906063	0.0	359903	4194.110499597601	-1.000000082240371e-09	0.75
22625.81969190598	750	7.41961869370698	0.0	379700	4189.560358199083	-1.000000082240371e-09	0.75
22629.20192879832	750	8.0373818013692	0.0	425781	3382.2368923377803	-1.000000082240371e-09	0.75
22631.739831576895	750	9.499479022796734	0.0	277716	2537.9027785724643	-1.000000082240371e-09	0.75
22639.12305844297	1200	6.116252156722473	0.0	622896	7383.226866074263	-1.000000082240371e-09	0.75
22640.294916599414	300	8.944394000276693	0.0	149029	1171.8581564457788	-1.000000082240371e-09	-0.6000000000000001
22644.117280608923	750	9.122029990769695	0.0	358218	3822.364009506998	-1.000000082240371e-09	0.3
22652.207394672034	1200	5.031915927659396	0.0	620283	8090.114063110299	-1.000000082240371e-09	0.75
22653.283306561403	300	7.956004038287041	0.0	143881	1075.9118893723553	-1.000000082240371e-09	-0.6000000000000001
22656.766445864432	750	8.47286473525779	0.0	412837	3483.1393030292516	-1.000000082240371e-09	0.3
22659.457834719673	750	9.781475880014725	0.0	401088	2691.388855243065	-1.000000082240371e-09	0.75
22663.801707213515	1200	9.437603386174123	0.0	598727	4343.872493840602	-1.000000082240371e-09	0.75
22667.40987685264	1200	9.829433747048924	0.0	487812	3608.1696391251994	-1.000000082240371e-09	1.2
22671.30157090909	1200	9.93773969059749	0.0	575591	3891.694056451434	-1.000000082240371e-09	1.2
22676.74773474283	1200	8.491575856861047	0.0	605884	5446.163833736443	-1.000000082240371e-09	1.2
22680.326934077988	750	8.912376521697947	0.0	390680	3579.199335163101	-1.000000082240371e-09	0.3
22682.94941435454	750	10.289896245147606	0.0	345516	2622.4802765503405	-1.000000082240371e-09	0.75
22688.515969718475	1200	8.723340881214378	0.0	641452	5566.5553639332265	-1.000000082240371e-09	0.75
22691.418429817128	750	9.820880782559374	0.0	372093	2902.4600986550054	-1.000000082240371e-09	0.3
22699.794580805705	1200	5.4447297939829875	0.0	634861	8376.150988576386	-1.000000082240371e-09	0.75
22701.746246223054	300	7.493064376631035	0.0	167025	1951.6654173519523	-1.000000082240371e-09	-0.6000000000000001
22705.37991077049	750	7.85939982919447	0.0	393804	3633.6645474365655	-1.000000082240371e-09	0.3
22708.239693386913	750	8.999617212773227	0.0	331053	2859.7826164212415	-1.000000082240371e-09	0.75
22711.761522747423	750	9.47778785226245	0.0	314107	3521.829360510777	-1.000000082240371e-09	0.75

