13469.182122092903	750	4.0	5.127185897414645	450283	5127.185897414644	0.04953024536371231	-21.29689935888297
13471.075403594157	300	6.106718498746048	0.0	155580	1893.2815012539522	0.004705176223069429	-0.15000000000000002
13472.718365496461	300	8.463756596441497	0.0	139857	1642.961902304551	0.004705176223069429	0.3
13474.55732214362	300	10.624799949282068	0.0	155432	1838.9566471594298	0.004705176223069429	0.3
13476.58358234035	300	12.598539752552488	0.0	163442	2026.2601967295793	0.004705176223069429	0.3
13477.792232915715	300	15.389889177186298	0.0	126289	1208.6505753661886	0.006647265050560236	0.3
13479.738505918463	300	17.44361617443911	0.0	153295	1946.2730027471887	0.08072377741336823	0.3
13481.931193343427	300	19.250928749475584	0.0	173849	2192.6874249635252	0.11708049476146698	0.3
13483.846436337304	300	21.335685755600014	0.0	150710	1915.2429938755702	0.30792832374572754	0.3
13487.219513183472	750	21.962608909429925	0.0	362795	3373.0768461700914	0.6551218628883362	0.3
13490.71856780307	750	22.4635542898324	0.0	353220	3499.0546195975276	0.004705176223069429	0.75
13495.256846002663	750	21.925276090239773	0.0	405134	4538.278199592623	0.004705176223069429	0.75
13499.44825297012	750	21.733869122782465	0.0	386351	4191.40696745731	0.004705176223069429	0.75
13505.488367073804	750	19.693755019097487	0.0	434409	6040.114103684976	0.004705176223069429	0.75
13509.31810000382	750	19.864022089081534	0.0	337059	3829.732930015953	0.06522236764431	0.75
13512.304294711752	750	20.877827381149494	0.0	366214	2986.1947079320366	0.006242481060326099	0.75
13514.729052955796	750	22.45306913710568	0.0	360831	2424.758244043816	0.004705176223069429	0.75
13517.330701822966	750	23.851420269934227	0.0	372963	2601.6488671714515	0.007848897948861122	0.75
13520.378965873408	750	24.803156219493356	0.0	405596	3048.2640504408705	0.01168516930192709	0.75
13522.991092391823	750	26.19102970107867	0.0	350713	2612.1265184146864	0.008709636516869068	0.75
13525.946941719443	750	27.235180373457734	0.0	386472	2955.849327620936	0.01797335594892502	0.75
13529.565665312166	750	27.61645678073457	0.0	399894	3618.723592723163	0.017556384205818176	0.75
13532.6201781035	750	28.561943989401207	0.0	401853	3054.512791333363	0.01162330899387598	0.75
13536.090814905006	750	29.091307187893356	0.0	343800	3470.636801507853	0.051615823060274124	0.75
13541.784852892913	750	27.39726919998778	0.0	359903	5694.0379879055745	0.012988181784749031	0.75
13549.10168265351	750	24.080439439389313	0.0	379700	7316.829760598466	0.004705176223069429	0.75
13557.017270530587	750	20.16485156231399	0.0	425781	7915.587877075324	0.004705176223069429	0.75
13562.242979273804	750	18.939142819098393	0.0	277716	5225.708743215595	0.25131717324256897	0.75
13569.81597218078	750	15.366149912121626	0.0	400396	7572.992906976768	0.05355212464928627	0.75
13572.535087797267	300	16.64703429563368	0.0	149029	2719.1156164879476	0.01811894215643406	-0.15000000000000002
13575.050114254896	300	18.132007838006366	0.0	157421	2515.0264576273107	0.004705176223069429	0.3
13577.591994387976	300	19.590127704925447	0.0	157488	2541.880133080921	0.006995008327066898	0.3
13580.545982309744	300	20.63613978315844	0.0	143881	2953.9879217670045	0.04105876386165619	0.3
13585.304787578858	300	19.877334514043067	0.0	163444	4758.805269115371	0.09336421638727188	0.3
13591.481370231022	300	17.700751861879525	0.0	179328	6176.582652163543	0.010881120339035988	0.3
13596.17796834863	300	17.00415374427136	0.0	159914	4696.598117608167	0.004705176223069429	0.3
13599.631552592225	300	17.550569500676524	0.0	131610	3453.5842435948384	0.0052147419191896915	0.3
13602.261103112063	300	18.92101898084001	0.0	124011	2629.5505198365117	0.02783725969493389	0.3
13604.786519219928	300	20.39560287297514	0.0	144254	2525.416107864872	0.4803723692893982	0.3
13609.978116185	750	19.204005907901568	0.0	390680	5191.596965073572	0.32535508275032043	0.3
13615.248758921995	750	17.933363170907445	0.0	345516	5270.642736994122	0.004705176223069429	0.75
13623.249321912188	750	13.932800180713683	0.0	384505	8000.56299019376	0.0048429532907903194	0.75
13626.009774417318	300	15.172347675583056	0.0	145210	2760.4525051306255	0.07141430675983429	-0.15000000000000002
13628.855199362386	300	16.326922730515832	0.0	172312	2845.424945067225	0.25553035736083984	0.3
13633.64722603758	750	15.534896055323332	0.0	398987	4792.026675192499	0.5332418084144592	0.3
13637.26467093662	750	15.917451156282816	0.0	393804	3617.444899040516	0.004705176223069429	0.75
13640.769497065116	750	16.412625027786557	0.0	331053	3504.826128496258	0.01752101257443428	0.75
13644.492552788943	750	16.689569303959274	0.0	314107	3723.055723827283	0.027307409793138504	0.75

