16375.840414229697	750	4.0	4.492096968258112	450283	4492.096968258112	-1.000000082240371e-09	-18.56601696350988
16377.238891069223	300	6.6015231604739535	0.0	155580	1398.4768395260464	-1.000000082240371e-09	-0.15000000000000002
16378.422229956363	300	9.418184273333548	0.0	139857	1183.3388871404063	-1.000000082240371e-09	0.3
16383.664237819019	1200	8.176176410676778	0.0	617681	5242.007862656768	-1.000000082240371e-09	0.29999999999999993
16387.40695586396	750	8.433458365737064	0.0	411561	3742.7180449397138	-1.000000082240371e-09	0.3
16390.136353739912	750	9.704060489785043	0.0	318564	2729.3978759520205	-1.000000082240371e-09	0.75
16394.851124296674	1200	8.989289933024477	0.0	561791	4714.770556760567	-1.000000082240371e-09	0.75
16398.625224843898	750	9.21518938579857	0.0	437162	3774.1005472259067	-1.000000082240371e-09	0.3
16404.75705207193	1200	7.08336215776708	0.0	584846	6131.827228031491	-1.000000082240371e-09	0.75
16409.08947351213	750	6.75094071756999	0.0	362795	4332.421440197089	-1.000000082240371e-09	0.3
16410.887091221837	300	8.953323007861055	0.0	141840	1797.617709708934	-1.000000082240371e-09	-0.15000000000000002
16415.848086922855	750	7.992327306842877	0.0	405134	4960.995701018179	-1.000000082240371e-09	0.3
16423.253749345284	750	4.586664884415627	0.0	386351	7405.66242242725	-1.000000082240371e-09	0.75
16425.981648320827	300	5.858765908873713	0.0	179801	2727.8989755419143	-1.000000082240371e-09	-0.15000000000000002
16427.591911010346	300	8.248503219351678	0.0	140051	1610.2626895220353	-1.000000082240371e-09	0.3
16431.512743707655	750	8.327670522044551	0.0	366214	3920.8326973071266	-1.000000082240371e-09	0.3
16435.804615144123	750	8.035799085575928	0.0	360831	4291.871436468623	-1.000000082240371e-09	0.75
16440.807936688587	750	7.032477541113712	0.0	372963	5003.321544462216	-1.000000082240371e-09	0.75
16446.877677239092	750	4.9627369906108685	0.0	405596	6069.740550502844	-1.000000082240371e-09	0.75
16449.09899033002	300	6.74142389967932	0.0	140881	2221.313090931549	-1.000000082240371e-09	-0.15000000000000002
16451.93355684152	300	7.906857388182767	0.0	157671	2834.566511496552	-1.000000082240371e-09	0.3
16459.13483105698	750	4.705583172719393	0.0	399894	7201.274215463373	-1.000000082240371e-09	0.3
16461.21618347939	300	6.624230750309001	0.0	163927	2081.3524224103917	-1.000000082240371e-09	-0.15000000000000002
16462.772798180136	300	9.067616049566427	0.0	137654	1556.614700742574	-1.000000082240371e-09	0.3
16468.347559768925	1200	7.492854460774705	0.0	587236	5574.761588791721	-1.000000082240371e-09	0.29999999999999993
16471.530659297212	750	8.309754932489456	0.0	379700	3183.09952828525	-1.000000082240371e-09	0.3
16475.176573732806	750	8.66384049689471	0.0	425781	3645.914435594744	-1.000000082240371e-09	0.75
16477.791711050246	750	10.04870317945653	0.0	277716	2615.137317438181	-1.000000082240371e-09	0.75
16483.979860351348	1200	7.860553878353542	0.0	622896	6188.149301102988	-1.000000082240371e-09	0.75
16487.994487089716	750	7.845927139984351	0.0	400508	4014.626738369191	-1.000000082240371e-09	0.3
16490.915347617643	750	8.92506661205745	0.0	358218	2920.860527926902	-1.000000082240371e-09	0.75
16494.406849803618	750	9.43356442608265	0.0	400322	3491.5021859747994	-1.000000082240371e-09	0.75
16499.509503668512	1200	8.330910561187196	0.0	584349	5102.653864895455	-1.000000082240371e-09	0.75
16503.089252115173	750	8.751162114529707	0.0	412837	3579.7484466574892	-1.000000082240371e-09	0.3
16506.66020561028	750	9.180208619421835	0.0	401088	3570.953495107872	-1.000000082240371e-09	0.75
16511.973363006233	1200	7.867051223466836	0.0	598727	5313.157395955	-1.000000082240371e-09	0.75
16515.526247357073	750	8.314166872626025	0.0	321064	3552.8843508408104	-1.000000082240371e-09	0.3
16519.795553976568	750	8.044860253132644	0.0	361565	4269.306619493381	-1.000000082240371e-09	0.75
16524.411673113187	750	7.428741116513546	0.0	378327	4616.119136619098	-1.000000082240371e-09	0.75
16530.234918037313	750	5.6054961923874576	0.0	390680	5823.244924126088	-1.000000082240371e-09	0.75
16533.419719106212	300	6.420695123490094	0.0	147968	3184.8010688973636	-1.000000082240371e-09	-0.15000000000000002
16536.26411469384	300	7.576299535860915	0.0	161857	2844.395587629179	-1.000000082240371e-09	0.3
16540.353696476886	750	7.486717752811362	0.0	372093	4089.581783049552	-1.000000082240371e-09	0.3
16545.184793468477	750	6.655620761222461	0.0	438281	4831.096991588902	-1.000000082240371e-09	0.75
16547.486447198375	300	8.353967031324995	0.0	167025	2301.653729897466	-1.000000082240371e-09	-0.15000000000000002
16552.80260823582	750	7.037805993882628	0.0	393804	5316.161037442367	-1.000000082240371e-09	0.3
16557.857915571687	750	5.982498658013325	0.0	331053	5055.307335869303	-1.000000082240371e-09	0.75
16559.737849115183	300	8.102565114517715	0.0	118421	1879.9335434956101	-1.000000082240371e-09	-0.15000000000000002

