7930.169385663509	750	4.0	6.308048004947866	450283	6308.0480049478665	-1.000000082240371e-09	-26.374606421275825
7933.199043373467	300	4.9703422900424306	0.0	155580	3029.6577099575693	-1.000000082240371e-09	-0.15000000000000002
7934.806621892496	300	7.362763771014124	0.0	139857	1607.5785190283066	-1.000000082240371e-09	0.3
7939.778283738403	750	6.39110192510717	0.0	382355	4971.661845906953	-1.000000082240371e-09	0.3
7941.417356909468	300	8.75202875404158	0.0	163442	1639.0731710655884	-1.000000082240371e-09	-0.15000000000000002
7945.480013688644	750	8.689371974865196	0.0	318564	4062.656779176385	-1.000000082240371e-09	0.3
7951.731721437909	750	6.437664225601094	0.0	352642	6251.707749264103	-1.000000082240371e-09	0.75
7955.467354862232	300	6.702030801276836	0.0	173849	3735.633424324258	-1.000000082240371e-09	-0.15000000000000002
7958.272888821744	300	7.8964968417653205	0.0	150710	2805.5339595115147	-1.000000082240371e-09	0.3
7962.895789462012	750	7.273596201498668	0.0	362795	4622.900640266653	-1.000000082240371e-09	0.3
7966.9116520171265	750	7.257733646382948	0.0	353220	4015.86255511572	-1.000000082240371e-09	0.75
7972.62013597272	750	5.549249690789443	0.0	405134	5708.483955593505	-1.000000082240371e-09	0.75
7973.896960702806	300	8.272424960704287	0.0	160746	1276.8247300851551	-1.000000082240371e-09	-0.15000000000000002
7976.967766761793	750	9.20161890171626	0.0	434409	3070.8060589880265	-1.000000082240371e-09	0.3
7980.5472623061305	1200	9.622123357379937	0.0	526950	3579.495544336323	-1.000000082240371e-09	0.75
7986.624071788348	1200	7.545313875162205	0.0	587876	6076.809482217733	-1.000000082240371e-09	1.2
7989.4109872069	750	8.758398456609639	0.0	360831	2786.9154185525663	-1.000000082240371e-09	0.3
7992.623221396701	750	9.546164266809127	0.0	372963	3212.2341898005116	-1.000000082240371e-09	0.75
7997.184924838516	1200	8.984460824994596	0.0	639204	4561.7034418145295	-1.000000082240371e-09	0.75
7999.757863425335	750	10.411522238175769	0.0	350713	2572.938586818827	-1.000000082240371e-09	0.3
8004.458944507573	1200	9.710441155937543	0.0	601738	4701.0810822382255	-1.000000082240371e-09	0.75
8009.139828819542	1200	9.029556843967828	0.0	616206	4680.884311969715	-1.000000082240371e-09	1.2
8015.242732344802	1200	6.926653318708798	0.0	656471	6102.90352525903	-1.000000082240371e-09	1.2
8016.314460329195	300	9.854925334315395	0.0	137654	1071.7279843934043	-1.000000082240371e-09	-0.6000000000000001
8021.448589957038	1200	8.720795706472073	0.0	587236	5134.129627843322	-1.000000082240371e-09	0.29999999999999993
8024.644114980502	750	9.525270683008214	0.0	379700	3195.5250234638575	-1.000000082240371e-09	0.3
8030.215026472392	1200	7.954359191117557	0.0	696376	5570.911491890659	-1.000000082240371e-09	0.75
8032.115808824832	750	10.053576838677076	0.0	277716	1900.7823524404798	-1.000000082240371e-09	0.3
8036.1804447246	1200	9.98894093890895	0.0	622896	4064.635899768125	-1.000000082240371e-09	0.75
8040.966657573375	1200	9.202728090133697	0.0	641447	4786.212848775254	-1.000000082240371e-09	1.2
8045.676502927209	1200	8.49288273630045	0.0	570392	4709.845353833248	-1.000000082240371e-09	1.2
8048.483402378626	750	9.685983284883097	0.0	400322	2806.899451417352	-1.000000082240371e-09	0.3
8053.5220206815875	1200	8.647364981922411	0.0	584349	5038.6183029606855	-1.000000082240371e-09	0.75
8057.029719147479	750	9.139666516030184	0.0	412837	3507.698465892228	-1.000000082240371e-09	0.3
8063.45932267186	1200	6.710062991649657	0.0	690253	6429.603524380526	-1.000000082240371e-09	0.75
8064.875621615104	300	9.293764048405238	0.0	159914	1416.2989432444183	-1.000000082240371e-09	-0.6000000000000001
8070.263568637335	1200	7.9058170261752645	0.0	487812	5387.947022229974	-1.000000082240371e-09	0.29999999999999993
8076.250783903729	750	5.918601759780752	0.0	361565	5987.215266394513	-1.000000082240371e-09	0.3
8080.141781885278	300	6.027603778232349	0.0	144254	3890.9979815484025	-1.000000082240371e-09	-0.15000000000000002
8082.206788474085	300	7.962597189424423	0.0	149991	2065.006588807926	-1.000000082240371e-09	0.3
8087.277729002677	750	6.891656660833472	0.0	345516	5070.9405285909515	-1.000000082240371e-09	0.3
8089.808101943273	300	8.36128372023744	0.0	161857	2530.372940596033	-1.000000082240371e-09	-0.15000000000000002
8095.734822807602	750	6.434562855908978	0.0	372093	5926.720864328461	-1.000000082240371e-09	0.3
8098.100852481644	300	8.068533181865714	0.0	172312	2366.029674043265	-1.000000082240371e-09	-0.15000000000000002
8101.402626457091	750	8.766759206418564	0.0	398987	3301.773975447149	-1.000000082240371e-09	0.3
8104.072601378384	750	10.096784285125572	0.0	393804	2669.974921292993	-1.000000082240371e-09	0.75
8108.408047178787	1200	9.761338484723774	0.0	538612	4335.445800401798	-1.000000082240371e-09	0.75
8111.905779254752	1200	10.26360640875766	0.0	550906	3497.732075966115	-1.000000082240371e-09	1.2

