11872.84543646133	750	4.0	4.751626329382562	450283	4751.626329382562	0.4849415719509125	-19.681993216345017
11874.48989137803	300	6.35554508329921	0.0	155580	1644.4549167007901	0.004705176223069429	-0.15000000000000002
11875.924751410605	300	8.920685050724277	0.0	139857	1434.860032574934	0.004705176223069429	0.3
11877.371706162598	300	11.473730298731356	0.0	155432	1446.95475199292	0.004705176223069429	0.3
11878.804037420156	300	14.041399041173666	0.0	163442	1432.3312575576906	0.006271719932556152	0.3
11879.850253735069	300	16.995182726259273	0.0	126289	1046.2163149143898	0.2695915699005127	0.3
11880.793586386631	300	20.051850074695853	0.0	153295	943.3326515634232	0.6479750871658325	0.3
11884.316830777982	750	20.528605683345777	0.0	437162	3523.244391350075	0.11680576950311661	0.3
11888.094349725528	750	20.75108673579942	0.0	374758	3777.5189475463603	0.01798706315457821	0.75
11893.103714249977	750	19.741722211349803	0.0	362795	5009.364524449615	0.005413874983787537	0.75
11897.943848517549	750	18.90158794377943	0.0	353220	4840.1342675703745	0.026476189494132996	0.75
11901.27740640057	750	19.56803006075719	0.0	405134	3333.5578830222353	0.032499760389328	0.75
11903.688510120888	750	21.15692634044082	0.0	386351	2411.1037203163733	0.004705176223069429	0.75
11908.338996764716	750	20.506439696612585	0.0	434409	4650.4866438282315	0.016978265717625618	0.75
11911.91815754024	750	20.92727892108905	0.0	337059	3579.160775523534	0.004705176223069429	0.75
11915.38984249537	750	21.45559396595944	0.0	366214	3471.68495512961	0.004705176223069429	0.75
11918.663980154099	750	22.181456307229798	0.0	360831	3274.137658729644	0.004705176223069429	0.75
11922.348017404409	750	22.49741905691975	0.0	372963	3684.0372503100475	0.004705176223069429	0.75
11926.367314365369	750	22.478122095960398	0.0	405596	4019.296960959352	0.004705176223069429	0.75
11929.994300197764	750	22.85113626356438	0.0	350713	3626.9858323960157	0.004705176223069429	0.75
11933.29834767026	750	23.547088791070042	0.0	386472	3304.047472494342	0.004705176223069429	0.75
11936.679984787786	750	24.165451673543423	0.0	399894	3381.6371175266163	0.004705176223069429	0.75
11940.050650890245	750	24.794785571084688	0.0	401853	3370.666102458734	0.004705176223069429	0.75
11942.937692321042	750	25.90774414028887	0.0	343800	2887.041430795821	0.005623671226203442	0.75
11946.535500843524	750	26.309935617808005	0.0	359903	3597.8085224808624	0.006487267557531595	0.75
11949.952927477769	750	26.892508983560695	0.0	379700	3417.426634247309	0.004705176223069429	0.75
11954.457222375335	750	26.388214085995358	0.0	425781	4504.29489756534	0.005435775499790907	0.75
11961.004986432117	750	23.84045002921312	0.0	277716	6547.764056782236	0.004705176223069429	0.75
11972.466216684601	750	16.379219776730167	0.0	400396	11461.230252482954	0.004705176223069429	0.75
11975.30468570374	300	17.540750757588746	0.0	149029	2838.469019141419	0.004705176223069429	-0.15000000000000002
11977.047782859203	300	19.79765360212771	0.0	157421	1743.0971554610362	0.008276860229671001	0.3
11979.014531478151	300	21.830904983178122	0.0	157488	1966.7486189495864	0.5441948175430298	0.3
11985.550200947659	750	19.29523551367123	0.0	369834	6535.669469506893	0.6467979550361633	0.3
11992.629791928211	750	16.215644533119423	0.0	412837	7079.590980551804	0.23698103427886963	0.75
11994.85519985414	300	17.990236607190173	0.0	179328	2225.407925929251	0.011522204615175724	-0.15000000000000002
11996.762397985724	300	20.08303847560897	0.0	159914	1907.1981315812043	0.04485373571515083	0.3
12002.387433461367	750	18.45800299996614	0.0	321064	5625.035475642828	0.6283708810806274	0.3
12008.938016494712	750	15.907419966620866	0.0	361565	6550.583033345276	0.007441007532179356	0.75
12012.040505983818	750	16.804930477513892	0.0	378327	3102.4894891069753	0.6964590549468994	0.75
12015.790058231305	750	17.055378230026	0.0	390680	3749.5522474878885	0.004705176223069429	0.75
12018.592156076798	750	18.253280384532616	0.0	345516	2802.097845493387	0.004705176223069429	0.75
12022.15968037229	750	18.685756089041085	0.0	384505	3567.5242954915298	0.031295064836740494	0.75
12026.115208929961	750	18.730227531369668	0.0	372093	3955.5285576714205	0.028980134055018425	0.75
12029.736211219813	750	19.109225241517294	0.0	438281	3621.002289852372	0.016755592077970505	0.75
12033.405885856624	750	19.439550604706657	0.0	398987	3669.674636810639	0.3338002860546112	0.75
12037.1218518055	750	19.72358465583227	0.0	393804	3715.9659488743846	0.5584849119186401	0.75
12043.050872151338	1200	17.79456430999265	0.0	538612	5929.020345839619	0.53294438123703	0.75
12048.136344520255	1200	16.709091941074316	0.0	550906	5085.472368918338	0.0701298788189888	1.2

