10360.835671204828	750	4.0	4.39150033291431	450283	4391.50033291431	-1.000000082240371e-09	-18.133451431531533
10362.221650961379	300	6.61402024344835	0.0	155580	1385.979756551649	-1.000000082240371e-09	-0.15000000000000002
10363.517570854143	300	9.31810035068476	0.0	139857	1295.91989276359	-1.000000082240371e-09	0.3
10367.783850941003	1200	9.051820263825393	0.0	617681	4266.280086859368	-1.000000082240371e-09	0.29999999999999993
10371.97995684143	1200	8.855714363398704	0.0	652874	4196.105900426689	-1.000000082240371e-09	1.2
10374.050851010672	750	10.784820194155726	0.0	318564	2070.8941692429785	-1.000000082240371e-09	0.3
10378.101383719913	1200	10.734287484914502	0.0	561791	4050.5327092412244	-1.000000082240371e-09	0.75
10383.028891940521	1200	9.806779264307654	0.0	709534	4927.508220606848	-1.000000082240371e-09	1.2
10386.716634766652	1200	10.119036438177334	0.0	584846	3687.74282613032	-1.000000082240371e-09	1.2
10389.724418314454	1200	11.111252890375582	0.0	560821	3007.7835478017523	-1.000000082240371e-09	1.2
10395.91334742904	1850	8.922323775789675	0.0	939819	6188.929114585905	-1.000000082240371e-09	1.2000000000000002
10398.367383915764	750	10.468287289065247	0.0	405134	2454.036486724428	-1.000000082240371e-09	-0.3500000000000001
10402.611544931575	1200	10.224126273253791	0.0	624282	4244.161015811456	-1.000000082240371e-09	0.75
10407.340938238714	1200	9.49473296611633	0.0	687371	4729.39330713746	-1.000000082240371e-09	1.2
10411.688063191265	1200	9.147608013565513	0.0	526950	4347.124952550818	-1.000000082240371e-09	1.2
10415.692405383112	1200	9.143265821718968	0.0	587876	4004.342191846547	-1.000000082240371e-09	1.2
10421.664251621523	1200	7.17141958330613	0.0	617242	5971.846238412838	-1.000000082240371e-09	1.2
10424.073054751472	750	8.762616453358008	0.0	372963	2408.803129948121	-1.000000082240371e-09	0.3
10426.624334590972	750	10.211336613858348	0.0	405596	2551.2798394996616	-1.000000082240371e-09	0.75
10430.431033707679	1200	10.404637497151107	0.0	586839	3806.69911670724	-1.000000082240371e-09	0.75
10434.990351193383	1200	9.845320011445764	0.0	601738	4559.317485705341	-1.000000082240371e-09	1.2
10441.200755469134	1200	7.634915735695207	0.0	616206	6210.404275750558	-1.000000082240371e-09	1.2
10447.075179404877	750	5.760491799951836	0.0	401853	5874.423935743371	-1.000000082240371e-09	0.3
10449.899263252804	300	6.936407952025724	0.0	137654	2824.083847926113	-1.000000082240371e-09	-0.15000000000000002
10453.036068135802	300	7.799603069027891	0.0	146754	3136.804882997832	-1.000000082240371e-09	0.3
10460.457968468261	750	4.377702736567623	0.0	379700	7421.900332460268	-1.000000082240371e-09	0.3
10463.936512951432	300	4.899158253397351	0.0	181901	3478.544483170273	-1.000000082240371e-09	-0.15000000000000002
10465.868613340806	300	6.967057864022737	0.0	111155	1932.1003893746133	-1.000000082240371e-09	0.3
10467.338379195851	300	9.497292008977315	0.0	153605	1469.7658550454246	-1.000000082240371e-09	0.3
10472.735341233803	1200	8.100329971026413	0.0	641447	5396.9620379509015	-1.000000082240371e-09	0.29999999999999993
10475.903076332077	750	8.932594872752532	0.0	358218	3167.735098273881	-1.000000082240371e-09	0.3
10479.640906436993	750	9.19476476783713	0.0	400322	3737.830104915402	-1.000000082240371e-09	0.75
10484.90670934749	1200	7.928961857339036	0.0	584349	5265.802910498094	-1.000000082240371e-09	0.75
10488.581497715297	750	8.254173489533366	0.0	412837	3674.78836780567	-1.000000082240371e-09	0.3
10493.20712971452	750	7.628541490310752	0.0	401088	4625.6319992226145	-1.000000082240371e-09	0.75
10497.461993130943	750	7.3736780738858645	0.0	365161	4254.863416424888	-1.000000082240371e-09	0.75
10502.721696654875	750	6.113974549953147	0.0	321064	5259.703523932718	-1.000000082240371e-09	0.75
10504.031127356515	300	8.804543848314573	0.0	124011	1309.430701638572	-1.000000082240371e-09	-0.15000000000000002
10507.088048515767	750	9.747622689061801	0.0	378327	3056.9211592527718	-1.000000082240371e-09	0.3
10511.097394737524	1200	9.738276467303226	0.0	587506	4009.3462217585748	-1.000000082240371e-09	0.75
10515.408935561822	1200	9.426735643007692	0.0	566904	4311.540824295535	-1.000000082240371e-09	1.2
10520.741516695703	1200	8.094154509124746	0.0	641452	5332.581133882946	-1.000000082240371e-09	1.2
10525.38029626263	750	7.455374942198661	0.0	372093	4638.779566926085	-1.000000082240371e-09	0.3
10528.293453855846	750	8.542217348983517	0.0	438281	2913.157593215145	-1.000000082240371e-09	0.75
10530.854279351404	750	9.98139185342526	0.0	398987	2560.825495558258	-1.000000082240371e-09	0.75
10534.867678495586	1200	9.967992709243088	0.0	638661	4013.399144182171	-1.000000082240371e-09	0.75
10538.29579709826	1200	10.53987410656828	0.0	538612	3428.1186026748073	-1.000000082240371e-09	1.2
10542.541383879485	1200	10.294287325343689	0.0	550906	4245.586781224593	-1.000000082240371e-09	1.2

