19588.602301610965	750	4.0	5.4395307625425735	450283	5439.530762542574	0.05668916925787926	-22.639982278933065
19590.995928478893	300	5.606373132073677	0.0	155580	2393.6268679263235	0.004705176223069429	-0.15000000000000002
19593.167554511205	300	7.4347470997634195	0.0	139857	2171.626032310258	0.004705176223069429	0.3
19596.12205449137	300	8.480247119597157	0.0	155432	2954.4999801662616	0.004705176223069429	0.3
19598.4918678325	300	10.110433778467936	0.0	163442	2369.8133411292224	0.004705176223069429	0.3
19599.507989406644	300	13.094312204322456	0.0	126289	1016.1215741454799	0.004705176223069429	0.3
19600.58325635659	300	16.019045254378536	0.0	153295	1075.2669499439207	0.009591508656740189	0.3
19601.74092364346	300	18.861377967505376	0.0	173849	1157.667286873158	0.3057793974876404	0.3
19604.42811984157	750	20.174181769396593	0.0	374758	2687.196198108784	0.524078369140625	0.3
19606.94229277071	750	21.66000884025886	0.0	362795	2514.172929137729	0.02536887302994728	0.75
19609.53660654705	750	23.065695063919947	0.0	353220	2594.3137763389154	0.037064604461193085	0.75
19612.44260941018	750	24.15969220078779	0.0	405134	2906.002863132155	0.025153307244181633	0.75
19617.196221938153	750	23.40607967281803	0.0	386351	4753.612527969758	0.05713771656155586	0.75
19620.655338015808	750	23.94696359516553	0.0	434409	3459.1160776524994	0.004705176223069429	0.75
19623.892154443824	750	24.710147167148296	0.0	337059	3236.816428017236	0.01088591106235981	0.75
19628.313642791607	750	24.28865881936368	0.0	366214	4421.488347784618	0.00640967907384038	0.75
19634.08948817209	750	22.51281343888372	0.0	360831	5775.845380479959	0.004705176223069429	0.75
19637.465601300086	750	23.136700310885434	0.0	372963	3376.113127998286	0.004705176223069429	0.75
19641.438379716146	750	23.163921894823822	0.0	405596	3972.7784160616116	0.004705176223069429	0.75
19644.80320327158	750	23.799098339391698	0.0	350713	3364.8235554321254	0.004705176223069429	0.75
19647.495114825935	750	25.10718678503789	0.0	386472	2691.911554353811	0.004705176223069429	0.75
19650.359106632015	750	26.243194978955657	0.0	399894	2863.99180608223	0.007681820075958967	0.75
19653.174003277432	750	27.428298333540237	0.0	401853	2814.896645415419	0.009865041822195053	0.75
19655.878319861036	750	28.723981749936325	0.0	343800	2704.3165836039166	0.02930210903286934	0.75
19658.544020098932	750	30.058281512040704	0.0	359903	2665.700237895619	0.020142655819654465	0.75
19661.295557209764	750	31.306744401209894	0.0	379700	2751.537110830809	0.09012988954782486	0.75
19664.259783577512	750	32.34251803346117	0.0	425781	2964.226367748728	0.157053142786026	0.75
19667.498953553393	750	33.1033480575788	0.0	277716	3239.1699758823643	0.46140527725219727	0.75
19671.10103163087	750	33.50126998010121	0.0	400396	3602.078077477583	0.05078337341547012	0.75
19674.202216030317	750	34.40008558065417	0.0	400508	3101.184399447041	0.06856753677129745	0.75
19676.985854758885	750	35.616446852087975	0.0	358218	2783.6387285661963	0.27100449800491333	0.75
19679.50384315533	750	37.09845845564584	0.0	400322	2517.9883964421288	0.4459005296230316	0.75
19686.037773157077	1200	34.564528453896315	0.0	584349	6533.930001749524	0.4601743817329407	0.75
19695.82863517862	1200	28.77366643235691	0.0	670129	9790.862021539402	0.284366637468338	1.2
19698.493280732604	750	30.109020878370064	0.0	401088	2664.6455539868457	0.039613526314496994	0.3
19701.100139366936	750	31.502162244040832	0.0	365161	2606.8586343292336	0.311420738697052	0.75
19704.415504871256	1200	32.18679673971901	0.0	487812	3315.365504321825	0.38797712326049805	0.75
19708.62149687244	1200	31.98080473853511	0.0	575591	4205.992001183898	0.004705176223069429	1.2
19715.12397372792	1200	29.478327883052803	0.0	605884	6502.476855482307	0.004705176223069429	1.2
19720.319112670513	1200	28.283188940460548	0.0	587506	5195.138942592258	0.05764628201723099	1.2
19727.598123101125	1200	25.004178509850234	0.0	566904	7279.010430610313	0.007722787093371153	1.2
19734.8551298147	1200	21.747171796276092	0.0	641452	7257.006713574141	0.1315319836139679	1.2
19740.658863803143	1200	19.943437807835224	0.0	599477	5803.7339884408675	0.12204128503799438	1.2
19745.12220760739	1200	19.480094003587407	0.0	634861	4463.343804247814	0.07199256867170334	1.2
19749.505870586017	1200	19.09643102495507	0.0	630203	4383.66297863234	0.0070420075207948685	1.2
19754.31850620411	1200	18.283795406865195	0.0	638661	4812.635618089875	0.004722109995782375	1.2
19758.15758006641	1200	18.44472154456725	0.0	538612	3839.0738622979443	0.0058922297321259975	1.2
19763.212012802862	1200	17.390288808116377	0.0	550906	5054.432736450877	0.004705176223069429	1.2

