21375.4116785147	750	4.0	6.08032816050688	450283	6080.3281605068805	0.6960734128952026	-25.395411090179586
21377.766630015096	300	5.645048499601703	0.0	155580	2354.951500398297	0.004705176223069429	-0.15000000000000002
21380.039708828743	300	7.371969685954002	0.0	139857	2273.078813647701	0.004705176223069429	0.3
21382.599147623587	300	8.81253089110955	0.0	155432	2559.4387948444523	0.004705176223069429	0.3
21385.560850396956	300	9.85082811774056	0.0	163442	2961.702773368989	0.004705176223069429	0.3
21387.596801366606	300	11.814877148093101	0.0	126289	2035.95096964746	0.004705176223069429	0.3
21390.734047809543	300	12.677630705156039	0.0	153295	3137.2464429370616	0.004705176223069429	0.3
21393.417515648038	300	13.994162866660107	0.0	173849	2683.4678384959343	0.004705176223069429	0.3
21395.22338767096	300	16.188290843738397	0.0	150710	1805.8720229217085	0.004705176223069429	0.3
21396.76528222364	300	18.646396291056924	0.0	139105	1541.894552681473	0.010397634468972683	0.3
21398.221634277394	300	21.190044237308346	0.0	141840	1456.3520537485779	0.10996487736701965	0.3
21401.9596161322	750	21.452062382501783	0.0	405134	3737.9818548065628	0.6858524680137634	0.3
21405.20581701773	750	22.20586149697075	0.0	386351	3246.20088553103	0.004705176223069429	0.75
21408.906024901786	750	22.505653612915225	0.0	434409	3700.2078840555273	0.004705176223069429	0.75
21412.192733660122	750	23.218944854581135	0.0	337059	3286.708758334091	0.004705176223069429	0.75
21415.959814825797	750	23.451863688907622	0.0	366214	3767.0811656735123	0.004705176223069429	0.75
21419.997295576806	750	23.414382937896786	0.0	360831	4037.4807510108367	0.004705176223069429	0.75
21426.467918919832	750	20.9437595948725	0.0	372963	6470.6233430242855	0.004705176223069429	0.75
21432.202845826097	750	19.20883268860566	0.0	405596	5734.926906266838	0.03082592785358429	0.75
21437.612873324215	750	17.79880519048634	0.0	350713	5410.027498119318	0.06488639861345291	0.75
21443.684946454778	750	15.726732059923304	0.0	386472	6072.073130563038	0.36818617582321167	0.75
21445.760610979538	300	17.651067535162124	0.0	157812	2075.664524761178	0.2369176149368286	-0.15000000000000002
21449.070544432445	300	18.341134082255287	0.0	163927	3309.933452906834	0.009941739961504936	0.3
21451.433660631345	300	19.978017883356355	0.0	137654	2363.1161988989347	0.004932538606226444	0.3
21453.58438845798	300	21.8272900567208	0.0	146754	2150.727826635557	0.032116424292325974	0.3
21455.98215861113	300	23.429519903571148	0.0	153938	2397.77015314965	0.2166610062122345	0.3
21458.85930910315	300	24.552369411549705	0.0	181901	2877.1504920214425	0.6939536929130554	0.3
21462.543050067183	750	24.868628447515572	0.0	277716	3683.7409640341316	0.3345814645290375	0.3
21466.563074406826	750	24.84860410787247	0.0	400396	4020.024339643104	0.004705176223069429	0.75
21470.512899801633	750	24.898778713063447	0.0	400508	3949.825394809026	0.004705176223069429	0.75
21475.948903810277	750	23.4627747044187	0.0	358218	5436.00400864475	0.004705176223069429	0.75
21485.003951186278	750	18.407727328418957	0.0	400322	9055.04737599974	0.004705176223069429	0.75
21487.6655033115	300	19.746175203194873	0.0	143881	2661.5521252240833	0.07196792960166931	-0.15000000000000002
21490.815555911682	300	20.596122603012017	0.0	163444	3150.0526001828575	0.1919786036014557	0.3
21494.706229758256	300	20.705448756440177	0.0	179328	3890.6738465718395	0.5154958963394165	0.3
21498.558206735674	300	20.853471779020513	0.0	159914	3851.9769774196607	0.5700343251228333	0.3
21501.78874228044	300	21.622936234252986	0.0	131610	3230.5355447675292	0.6926319003105164	0.3
21508.2936511126	750	19.11802740209811	0.0	361565	6504.908832154873	0.5236995816230774	0.3
21515.5340994483	750	15.877579066396253	0.0	378327	7240.44833570186	0.0303574800491333	0.75
21518.742318089462	300	16.66936042523285	0.0	149991	3208.218641163404	0.6193478107452393	-0.15000000000000002
21520.730660588837	300	18.68101792585922	0.0	147968	1988.3424993736317	0.10131610929965973	0.3
21526.038092106082	750	17.37358640861693	0.0	384505	5307.4315172422885	0.20602919161319733	0.3
21532.036193325956	750	15.375485188742601	0.0	372093	5998.101219874329	0.004705176223069429	0.75
21539.962945250943	750	11.448733263755337	0.0	438281	7926.751924987265	0.0363561287522316	0.75
21542.48237647603	300	12.929302038669073	0.0	167025	2519.431225086265	0.01007005199790001	-0.15000000000000002
21544.3884631062	300	15.023215408499677	0.0	160064	1906.0866301693977	0.09941717982292175	0.3
21547.755562651917	750	15.656115862782196	0.0	331053	3367.099545717481	0.12306292355060577	0.3
21550.694265285565	750	16.717413229134777	0.0	314107	2938.702633647416	0.020897891372442245	0.75

