2809.4811290963644	750	4.0	4.146410706663652	450283	4146.4107066636525	-1.000000082240371e-09	-17.079566038653706
2810.60143159852	300	6.879697497844862	0.0	155580	1120.3025021551377	-1.000000082240371e-09	-0.15000000000000002
2811.630374760142	300	9.850754336222511	0.0	139857	1028.9431616223508	-1.000000082240371e-09	0.3
2815.8478566566655	1200	9.633272439699223	0.0	617681	4217.481896523287	-1.000000082240371e-09	0.29999999999999993
2820.9882501017582	1200	8.492878994606627	0.0	652874	5140.393445092594	-1.000000082240371e-09	1.2
2823.4265042947786	750	10.054624801586192	0.0	318564	2438.254193020437	-1.000000082240371e-09	0.3
2829.3818017793024	1200	8.099327317062755	0.0	561791	5955.297484523436	-1.000000082240371e-09	0.75
2838.455763934303	750	4.0	0.9746348379379424	437162	9073.962155000698	-1.000000082240371e-09	-3.890929803133152
2841.6085234328098	300	4.847240501492984	0.0	150710	3152.7594985070155	-1.000000082240371e-09	-0.15000000000000002
2843.5671634242894	300	6.888600510013675	0.0	139105	1958.6399914793094	-1.000000082240371e-09	0.3
2845.614643164574	300	8.84112076972934	0.0	141840	2047.4797402843358	-1.000000082240371e-09	0.3
2850.9991244883345	750	7.456639445968206	0.0	405134	5384.481323761133	-1.000000082240371e-09	0.3
2854.471229591104	750	7.984534343198587	0.0	386351	3472.1051027696194	-1.000000082240371e-09	0.75
2858.373952868251	750	8.081811066052044	0.0	434409	3902.723277146543	-1.000000082240371e-09	0.75
2861.348116725019	750	9.107647209284165	0.0	337059	2974.163856767878	-1.000000082240371e-09	0.75
2870.0358898508302	1200	4.419874083472887	0.0	587876	8687.773125811278	-1.000000082240371e-09	0.75
2873.1014694702194	300	5.354294464083881	0.0	143509	3065.579619389006	-1.000000082240371e-09	-0.6000000000000001
2874.993021947008	300	7.462741987295047	0.0	150616	1891.5524767888342	-1.000000082240371e-09	0.3
2880.151523783042	750	6.304240151260878	0.0	405596	5158.501836034169	-1.000000082240371e-09	0.3
2882.003069638113	300	8.452694296189716	0.0	140881	1851.5458550711626	-1.000000082240371e-09	-0.15000000000000002
2887.5850386301768	750	6.870725304126013	0.0	386472	5581.968992063702	-1.000000082240371e-09	0.3
2890.7048538851604	300	7.750910049142473	0.0	157812	3119.8152549835395	-1.000000082240371e-09	-0.15000000000000002
2896.009584506301	750	6.446179428001391	0.0	401853	5304.730621141082	-1.000000082240371e-09	0.3
2899.186039078838	300	7.269724855464776	0.0	137654	3176.4545725366143	-1.000000082240371e-09	-0.15000000000000002
2909.593454212596	750	4.0	3.137690278293753	359903	10407.41513375853	-1.000000082240371e-09	-13.192068196663136
2912.4466967742305	300	5.146757438365692	0.0	153938	2853.242561634308	-1.000000082240371e-09	-0.15000000000000002
2914.3314505654444	300	7.262003647151766	0.0	181901	1884.7537912139262	-1.000000082240371e-09	0.3
2918.0530529538255	750	7.540401258770548	0.0	277716	3721.6023883812177	-1.000000082240371e-09	0.3
2922.4616852339955	750	7.131768978600638	0.0	400396	4408.632280169911	-1.000000082240371e-09	0.75
2927.710559006932	750	5.882895205664326	0.0	400508	5248.873772936312	-1.000000082240371e-09	0.75
2929.3390708678185	300	8.254383344777747	0.0	157421	1628.5118608865778	-1.000000082240371e-09	-0.15000000000000002
2933.5928425790507	750	8.000611633545306	0.0	400322	4253.771711232442	-1.000000082240371e-09	0.3
2938.351265675128	750	7.24218853746837	0.0	369834	4758.4230960769355	-1.000000082240371e-09	0.75
2943.6011029935116	750	5.992351219084555	0.0	412837	5249.837318383815	-1.000000082240371e-09	0.75
2945.9934309137875	300	7.600023298808982	0.0	179328	2392.327920275573	-1.000000082240371e-09	-0.15000000000000002
2951.0800197698986	750	6.513434442697469	0.0	365161	5086.5888561115125	-1.000000082240371e-09	0.3
2953.220821466678	300	8.372632745918283	0.0	131610	2140.801696779186	-1.000000082240371e-09	-0.15000000000000002
2957.0039546377443	750	8.589499574851414	0.0	361565	3783.133171066869	-1.000000082240371e-09	0.3
2960.9293528997614	750	8.664101312834429	0.0	378327	3925.398262016984	-1.000000082240371e-09	0.75
2963.5926953225226	750	10.000758890073211	0.0	390680	2663.3424227612168	-1.000000082240371e-09	0.75
2968.0506944616686	1200	9.542759750926798	0.0	566904	4457.999139146413	-1.000000082240371e-09	0.75
2973.2550817892716	1200	8.338372423324143	0.0	641452	5204.387327602655	-1.000000082240371e-09	1.2
2976.390152535778	750	9.203301676817611	0.0	372093	3135.0707465065316	-1.000000082240371e-09	0.3
2982.076015834106	1200	7.5174383784901195	0.0	634861	5685.863298327492	-1.000000082240371e-09	0.75
2985.67283361102	750	7.920620601575858	0.0	398987	3596.817776914261	-1.000000082240371e-09	0.3
2989.4223897730476	750	8.171064439548394	0.0	393804	3749.556162027465	-1.000000082240371e-09	0.75
2992.2534651255446	750	9.339989087051642	0.0	331053	2831.0753524967527	-1.000000082240371e-09	0.75
2996.6786476981115	1200	8.914806514484523	0.0	550906	4425.182572567119	-1.000000082240371e-09	0.75

