7036.252259672514	750	4.0	6.619212714537035	450283	6619.212714537035	0.17406098544597626	-27.71261467250925
7038.363222016765	300	5.8890376557490836	0.0	155580	2110.9623442509164	0.004705176223069429	-0.15000000000000002
7040.169284020554	300	8.082975651959863	0.0	139857	1806.0620037892206	0.004705176223069429	0.3
7042.886871931671	300	9.365387740844167	0.0	155432	2717.587911115697	0.004705176223069429	0.3
7045.503040135401	300	10.749219537113932	0.0	163442	2616.1682037302335	0.004705176223069429	0.3
7047.102093569958	300	13.150166102556996	0.0	126289	1599.0534345569358	0.004705176223069429	0.3
7049.125816620503	300	15.126443052010968	0.0	153295	2023.723050546029	0.004705176223069429	0.3
7052.322406678767	300	15.929852993747614	0.0	173849	3196.590058263353	0.006397305987775326	0.3
7055.343986231881	300	16.9082734406336	0.0	150710	3021.579553114015	0.004705176223069429	0.3
7057.220664319231	300	19.03159535328397	0.0	139105	1876.6780873496273	0.006712349597364664	0.3
7059.556921857155	300	20.695337815359544	0.0	141840	2336.2575379244277	0.05039311200380325	0.3
7061.575240496951	300	22.67701917556383	0.0	156148	2018.3186397957147	0.13690704107284546	0.3
7066.340343793071	750	21.911915879443818	0.0	386351	4765.103296120012	0.6787148714065552	0.3
7071.536371845732	750	20.71588782678235	0.0	434409	5196.02805266147	0.007130792364478111	0.75
7074.07854993762	750	22.173709734894896	0.0	337059	2542.178091887454	0.01643073745071888	0.75
7077.819114357701	750	22.433145314813512	0.0	366214	3740.564420081383	0.004705176223069429	0.75
7081.184641750302	750	23.067617922212694	0.0	360831	3365.5273926008167	0.004705176223069429	0.75
7084.413680783222	750	23.838578889292954	0.0	372963	3229.0390329197444	0.004705176223069429	0.75
7087.278204587733	750	24.974055084780733	0.0	405596	2864.5238045122205	0.004705176223069429	0.75
7089.980241685494	750	26.27201798702064	0.0	350713	2702.0370977600896	0.007828000001609325	0.75
7092.930381562215	750	27.32187811029887	0.0	386472	2950.139876721771	0.01194334402680397	0.75
7096.100479031217	750	28.151780641296543	0.0	399894	3170.097469002326	0.015682924538850784	0.75
7099.357015315317	750	28.895244357196784	0.0	401853	3256.5362840997577	0.024511516094207764	0.75
7102.195962489124	750	30.056297183388967	0.0	343800	2838.9471738078187	0.021858010441064835	0.75
7106.285387898836	750	29.966871773676765	0.0	359903	4089.425409712204	0.0348198339343071	0.75
7110.390210966466	750	29.86204870604718	0.0	379700	4104.823067629584	0.007091313600540161	0.75
7116.021338250031	750	28.230921422481984	0.0	425781	5631.127283565195	0.0059964703395962715	0.75
7121.067257146046	750	27.185002526465915	0.0	277716	5045.918896016069	0.004705176223069429	0.75
7127.59772001284	750	24.654539659672583	0.0	400396	6530.462866793331	0.004705176223069429	0.75
7131.864450594194	750	24.38780907831787	0.0	400508	4266.730581354716	0.004705176223069429	0.75
7134.69074801193	750	25.561511660581928	0.0	358218	2826.2974177359392	0.004705176223069429	0.75
7137.90084003649	750	26.351419636022136	0.0	400322	3210.0920245597927	0.005483344662934542	0.75
7142.506343296235	750	25.745916376277002	0.0	369834	4605.503259745135	0.007095001172274351	0.75
7148.742224757772	750	23.51003491473948	0.0	412837	6235.881461537519	0.004705176223069429	0.75
7153.83953332129	750	22.412726351222382	0.0	401088	5097.308563517096	0.004705176223069429	0.75
7158.351614547287	750	21.900645125225584	0.0	365161	4512.0812259968	0.004705176223069429	0.75
7162.05475259178	750	22.19750708073204	0.0	321064	3703.1380444935435	0.004705176223069429	0.75
7165.977601196655	750	22.27465847585722	0.0	361565	3922.848604874818	0.00506023271009326	0.75
7170.167131244558	750	22.085128427954512	0.0	378327	4189.530047902709	0.006972863804548979	0.75
7175.880408443502	750	20.371851229010122	0.0	390680	5713.277198944388	0.0071494863368570805	0.75
7181.182195719522	750	19.070063952990626	0.0	345516	5301.787276019497	0.004705176223069429	0.75
7187.027770958108	750	17.224488714404032	0.0	384505	5845.575238586593	0.004705176223069429	0.75
7192.032924946116	750	16.21933472639666	0.0	372093	5005.153988007374	0.004705176223069429	0.75
7197.945619807633	750	14.306639864878475	0.0	438281	5912.694861518185	0.004705176223069429	0.75
7203.454486953695	750	12.797772718817193	0.0	398987	5508.867146061283	0.006477769929915667	0.75
7210.450061146496	750	9.802198526015273	0.0	393804	6995.574192801919	0.01989617571234703	0.75
7212.8561356771925	300	11.39612399531969	0.0	137507	2406.074530695583	0.0984329879283905	-0.15000000000000002
7215.174726043353	300	13.077533629159596	0.0	118421	2318.590366160093	0.07126481831073761	0.3

