4916.840215149323	750	4.0	4.594934407378574	450283	4594.934407378574	-1.000000082240371e-09	-19.008217951727868
4917.823677860807	300	7.016537288516239	0.0	155580	983.462711483761	-1.000000082240371e-09	-0.15000000000000002
4920.450628678503	750	8.38958647082037	0.0	350812	2626.950817695868	-1.000000082240371e-09	0.3
4925.488130514248	750	7.352084635074738	0.0	382355	5037.501835745632	-1.000000082240371e-09	0.75
4928.845985571762	750	7.994229577561267	0.0	411561	3357.85505751347	-1.000000082240371e-09	0.75
4932.920986144126	750	7.919229005197752	0.0	318564	4075.000572363515	-1.000000082240371e-09	0.75
4937.839598390538	750	7.0006167587847425	0.0	352642	4918.61224641301	-1.000000082240371e-09	0.75
4947.278186080559	750	4.0	2.4379709312358218	437162	9438.587690020564	-1.000000082240371e-09	-9.733275004314033
4949.893516797274	300	5.384669283285062	0.0	150710	2615.330716714938	-1.000000082240371e-09	-0.15000000000000002
4951.529081856298	300	7.749104224261451	0.0	139105	1635.5650590236107	-1.000000082240371e-09	0.3
4954.522874645993	750	8.755311434566778	0.0	353220	2993.792789694674	-1.000000082240371e-09	0.3
4958.013199363492	750	9.264986717067062	0.0	405134	3490.324717499717	-1.000000082240371e-09	0.75
4964.782561464178	1200	6.495624616382196	0.0	624282	6769.362100684866	-1.000000082240371e-09	0.75
4967.0339699248	300	8.244216155759592	0.0	179801	2251.408460622604	-1.000000082240371e-09	-0.6000000000000001
4970.360447613914	750	8.91773846664551	0.0	337059	3326.4776891140823	-1.000000082240371e-09	0.3
4976.285920420818	750	6.992265659742227	0.0	366214	5925.472806903283	-1.000000082240371e-09	0.75
4980.4279036862945	300	6.850282394265463	0.0	143509	4141.983265476763	-1.000000082240371e-09	-0.15000000000000002
4985.064246015535	300	6.213940065025472	0.0	150616	4636.342329239991	-1.000000082240371e-09	0.3
4989.898527397612	300	5.379658682948203	0.0	165384	4834.281382077269	-1.000000082240371e-09	0.3
4993.8281979034655	300	5.449988177094887	0.0	140881	3929.6705058533166	-1.000000082240371e-09	0.3
4998.99168898959	300	4.2864970909705296	0.0	157671	5163.491086124357	-1.000000082240371e-09	0.3
5002.293023590795	300	4.985162489765804	0.0	157812	3301.3346012047255	-1.000000082240371e-09	0.3
5003.985286403735	300	7.292899676825619	0.0	163927	1692.2628129401849	-1.000000082240371e-09	0.3
5006.699448083111	750	8.578737997449688	0.0	343800	2714.1616793759313	-1.000000082240371e-09	0.3
5009.701203951018	750	9.576982129543303	0.0	359903	3001.755867906384	-1.000000082240371e-09	0.75
5016.716591867768	1200	6.561594212792717	0.0	590335	7015.387916750586	-1.000000082240371e-09	0.75
5018.05242627027	300	9.225759810290906	0.0	181901	1335.8344025018112	-1.000000082240371e-09	-0.6000000000000001
5021.175110804314	1200	10.10307527624648	0.0	487160	3122.684534044426	-1.000000082240371e-09	0.29999999999999993
5025.365764767537	1200	9.912421313023467	0.0	622896	4190.653963223012	-1.000000082240371e-09	1.2
5029.459708550851	1200	9.818477529709595	0.0	641447	4093.9437833138736	-1.000000082240371e-09	1.2
5033.291137991165	1200	9.98704808939572	0.0	570392	3831.4294403138742	-1.000000082240371e-09	1.2
5037.356309928219	1200	9.921876152341618	0.0	620283	4065.1719370541027	-1.000000082240371e-09	1.2
5040.45641503043	1200	10.821771050130716	0.0	584349	3100.1051022109014	-1.000000082240371e-09	1.2
5044.3717815036935	1200	10.906404576867132	0.0	670129	3915.3664732635843	-1.000000082240371e-09	1.2
5049.226479852286	1200	10.051706228274677	0.0	690253	4854.698348592453	-1.000000082240371e-09	1.2
5053.293705638421	1200	9.984480442138933	0.0	598727	4067.2257861357452	-1.000000082240371e-09	1.2
5056.502806622333	1200	10.775379458227114	0.0	487812	3209.100983911817	-1.000000082240371e-09	1.2
5060.052964476951	1200	11.225221603608556	0.0	575591	3550.1578546185597	-1.000000082240371e-09	1.2
5065.895250156356	1850	9.382935924203933	0.0	908665	5842.285679404622	-1.000000082240371e-09	1.2000000000000002
5069.668028375974	1200	9.610157704585795	0.0	587506	3772.778219618138	-1.000000082240371e-09	0.5499999999999999
5073.223008491596	1200	10.05517758896309	0.0	566904	3554.980115622706	-1.000000082240371e-09	1.2
5077.094489100579	1200	10.183696979980386	0.0	641452	3871.4806089827034	-1.000000082240371e-09	1.2
5080.8620741120485	1200	10.416111968511009	0.0	599477	3767.585011469376	-1.000000082240371e-09	1.2
5085.259626164447	1200	10.018559916113231	0.0	634861	4397.552052397779	-1.000000082240371e-09	1.2
5090.054360508578	1200	9.22382557198188	0.0	630203	4794.734344131349	-1.000000082240371e-09	1.2
5093.756680022417	1200	9.521506058142837	0.0	638661	3702.319513839044	-1.000000082240371e-09	1.2
5097.369856536372	1200	9.90832954418744	0.0	538612	3613.1765139553963	-1.000000082240371e-09	1.2
5102.8024176405515	1200	8.475768440007458	0.0	550906	5432.561104179982	-1.000000082240371e-09	1.2

