9244.169245332749	750	4.0	2.4304790559882594	450283	2430.4790559882595	-1.000000082240371e-09	-9.701059940749515
9245.23913317518	300	6.930112157568032	0.0	155580	1069.8878424319682	-1.000000082240371e-09	-0.15000000000000002
9246.369272285932	300	9.79997304681631	0.0	139857	1130.1391107517218	-1.000000082240371e-09	0.3
9250.311962608517	1200	9.857282724230256	0.0	617681	3942.690322586054	-1.000000082240371e-09	0.29999999999999993
9254.292385398046	1200	9.876859934700644	0.0	652874	3980.4227895296112	-1.000000082240371e-09	1.2
9259.259994579468	1200	8.909250753279208	0.0	520315	4967.609181421436	-1.000000082240371e-09	1.2
9261.804363993291	750	10.364881339457032	0.0	352642	2544.3694138221763	-1.000000082240371e-09	0.3
9269.849421025641	1200	6.319824307105815	0.0	709534	8045.057032351217	-1.000000082240371e-09	0.75
9272.721071411148	300	7.448173921598461	0.0	150710	2871.650385507354	-1.000000082240371e-09	-0.6000000000000001
9281.854101041095	750	4.0	1.6848557083485776	362795	9133.02962994704	-1.000000082240371e-09	-6.944879545898884
9285.060733951706	300	4.793367089389159	0.0	141840	3206.6329106108406	-1.000000082240371e-09	-0.15000000000000002
9288.811628727759	300	5.042472313338226	0.0	156148	3750.8947760509336	-1.000000082240371e-09	0.3
9292.399059708989	300	5.4550413321090145	0.0	160746	3587.430981229211	-1.000000082240371e-09	0.3
9294.912766369145	300	6.941334671951373	0.0	179801	2513.7066601576416	-1.000000082240371e-09	0.3
9296.213133004576	300	9.640968036520075	0.0	140051	1300.3666354312977	-1.000000082240371e-09	0.3
9302.502159141262	1200	7.351941899833068	0.0	587876	6289.026136687007	-1.000000082240371e-09	0.29999999999999993
9305.828502622971	750	8.025598418124517	0.0	360831	3326.3434817085504	-1.000000082240371e-09	0.3
9310.727424318955	750	7.126676722141225	0.0	372963	4898.921695983292	-1.000000082240371e-09	0.75
9313.049461133252	750	8.804639907843562	0.0	405596	2322.0368142976617	-1.000000082240371e-09	0.75
9314.787044757848	750	11.067056283247311	0.0	350713	1737.5836245962514	-1.000000082240371e-09	0.75
9319.397886314724	1850	10.456214726372394	0.0	891604	4610.841556874917	-1.000000082240371e-09	0.75
9322.982491794206	1200	10.871609246889074	0.0	616206	3584.6054794833203	-1.000000082240371e-09	0.5499999999999999
9325.490124779115	1200	12.363976261981412	0.0	656471	2507.6329849076624	-1.000000082240371e-09	1.2
9329.025985251885	1850	12.82811578921076	0.0	874175	3535.8604727706534	-1.000000082240371e-09	1.2000000000000002
9332.737270490074	1850	13.116830551022323	0.0	897976	3711.2852381884345	-1.000000082240371e-09	1.85
9339.742305767051	2850	10.1117952740436	0.0	1480464	7005.035276978724	-1.000000082240371e-09	1.85
9342.780643398155	1200	11.07345764294056	0.0	696376	3038.3376311030397	-1.000000082240371e-09	-0.44999999999999996
9346.571592497046	1850	11.28250854404817	0.0	758197	3790.949098892389	-1.000000082240371e-09	1.2000000000000002
9356.952086058836	1850	4.9020149822588195	0.0	972798	10380.493561789352	-1.000000082240371e-09	1.85
9358.266207793791	300	7.587893247304339	0.0	149029	1314.12173495448	-1.000000082240371e-09	-1.25
9360.736742268386	750	9.117358772709588	0.0	358218	2470.5344745947505	-1.000000082240371e-09	0.3
9368.004802350084	1200	5.849298691011714	0.0	620283	7268.060081697874	-1.000000082240371e-09	0.75
9370.14409796466	300	7.710003076436355	0.0	143881	2139.295614575358	-1.000000082240371e-09	-0.6000000000000001
9373.073263094344	750	8.780837946751657	0.0	412837	2929.165129684699	-1.000000082240371e-09	0.3
9375.204939429577	750	10.64916161151725	0.0	401088	2131.6763352344065	-1.000000082240371e-09	0.75
9378.61763902042	1200	11.236462020674464	0.0	598727	3412.699590842787	-1.000000082240371e-09	0.75
9383.612939313452	1850	10.241161727643208	0.0	728962	4995.300293031256	-1.000000082240371e-09	1.2000000000000002
9388.04306572617	1200	9.811035314926254	0.0	575591	4430.126412716954	-1.000000082240371e-09	0.5499999999999999
9391.217839327	1200	10.636261714096372	0.0	605884	3174.773600829882	-1.000000082240371e-09	1.2
9396.088961782785	1200	9.7651392583122	0.0	587506	4871.122455784172	-1.000000082240371e-09	1.2
9400.787440386259	1200	9.06666065483869	0.0	566904	4698.47860347351	-1.000000082240371e-09	1.2
9405.895925671603	1200	7.958175369495502	0.0	641452	5108.485285343188	-1.000000082240371e-09	1.2
9408.448413827306	750	9.405687213792042	0.0	372093	2552.48815570346	-1.000000082240371e-09	0.3
9412.921226883045	1200	8.932874158053385	0.0	634861	4472.813055738657	-1.000000082240371e-09	0.75
9416.202643859575	750	9.65145718152421	0.0	398987	3281.4169765291776	-1.000000082240371e-09	0.3
9420.999809445977	1200	8.8542915951224	0.0	638661	4797.165586401811	-1.000000082240371e-09	0.75
9423.43885465693	750	10.415246384171045	0.0	331053	2439.0452109513544	-1.000000082240371e-09	0.3
9426.473915838254	1200	11.380185202844864	0.0	550906	3035.0611813261826	-1.000000082240371e-09	0.75

