10961.998143576699	750	4.0	0.8872836624630916	450283	887.2836624630917	0.00918868463486433	-3.065319748591294
10963.271534620071	1200	6.726608956627221	0.0	611087	1273.3910433727794	0.004705176223069429	0.75
10964.490049318876	1200	9.508094257821517	0.0	571051	1218.5146988057043	0.004705176223069429	1.2
10965.913652499823	1200	12.084491076875503	0.0	617681	1423.603180946013	0.004705176223069429	1.2
10967.398381050834	1200	14.599762525863925	0.0	652874	1484.7285510115778	0.004705176223069429	1.2
10968.499688326168	1200	17.498455250529613	0.0	520315	1101.3072753343124	0.004705176223069429	1.2
10969.676205081572	1200	20.321938495124755	0.0	561791	1176.516755404858	0.005420822184532881	1.2
10971.06392693046	1200	22.9342166462376	0.0	709534	1387.7218488871565	0.1521240770816803	1.2
10973.673109966638	2850	24.325033610059645	0.0	1348011	2609.183036177956	0.05251828581094742	1.2000000000000002
10976.990533342985	2850	25.00761023371174	0.0	1429765	3317.423376347902	0.29503723978996277	2.85
10980.003234575528	2850	25.99490900116889	0.0	1354548	3012.701232542852	0.06878138333559036	2.85
10983.53111199631	2850	26.46703158038759	0.0	1519951	3527.877420781299	0.023989539593458176	2.85
10986.955243855706	2850	27.042899720991024	0.0	1422919	3424.131859396568	0.010559234768152237	2.85
10990.991312509575	2850	27.006831067120686	0.0	1578343	4036.0686538703394	0.006464334670454264	2.85
10994.023325592272	2850	27.974817984424035	0.0	1231445	3032.0130826966497	0.006185506004840136	2.85
10997.253222729752	2850	28.74492084694456	0.0	1471065	3229.8971374794787	0.005070286802947521	2.85
11010.558441845114	2850	19.439701731580747	0.0	1491626	13305.219115363814	0.0056129032745957375	2.85
11018.582228328854	1200	15.415915247842571	0.0	581493	8023.786483738174	0.007639184594154358	-0.44999999999999996
11021.03790494866	750	16.960238628037782	0.0	405596	2455.676619804788	0.23474614322185516	0.3
11022.764837824894	1200	19.233305751803382	0.0	586839	1726.932876234402	0.6753848791122437	0.75
11024.362095454499	1200	21.636048122198552	0.0	601738	1597.2576296048278	0.004705176223069429	1.2
11026.097862729524	1200	23.900280847171672	0.0	616206	1735.7672750268848	0.20570771396160126	1.2
11028.056087515972	1200	25.942056060724152	0.0	656471	1958.2247864475185	0.011750849895179272	1.2
11029.809898840413	1200	28.188244736284762	0.0	536667	1753.8113244393896	0.06459388136863708	1.2
11031.849649793847	1200	30.14849378285002	0.0	587236	2039.750953434741	0.09304875135421753	1.2
11033.427150989475	1200	32.57099258722119	0.0	590335	1577.5011956288306	0.03661508113145828	1.2
11035.2459551386	1200	34.752188438095736	0.0	696376	1818.804149125455	0.5572704076766968	1.2
11038.7314082359	2850	35.26673534079474	0.0	1141971	3485.453097301002	0.060517773032188416	1.2000000000000002
11045.358065069899	2850	32.64007850679665	0.0	1498470	6626.65683399809	0.004705176223069429	2.85
11052.098139377333	2850	29.900004199362634	0.0	1561263	6740.074307434014	0.004705176223069429	2.85
11055.917898932934	2850	30.080244643761436	0.0	1341201	3819.7595556012	0.004705176223069429	2.85
11061.626077797291	2850	28.372065779403663	0.0	1497683	5708.178864357772	0.004705176223069429	2.85
11066.192721931266	2850	27.805421645429103	0.0	1358081	4566.644133974563	0.004705176223069429	2.85
11072.077615527052	2850	25.92052804964287	0.0	1587293	5884.893595786235	0.004705176223069429	2.85
11075.512375847098	2850	26.48576772959709	0.0	1492672	3434.760320045778	0.004705176223069429	2.85
11078.908592781261	2850	27.089550795434292	0.0	1439896	3396.216934162798	0.004705176223069429	2.85
11081.457483734237	2850	28.540659842457362	0.0	1139291	2548.890952976925	0.00720429141074419	2.85
11084.869027462848	2850	29.12911611384731	0.0	1499009	3411.543728610052	0.036640167236328125	2.85
11088.170881995753	2850	29.827261580942814	0.0	1427478	3301.854532904497	0.19883182644844055	2.85
11091.535233502967	2850	30.462910073727116	0.0	1402287	3364.3515072156997	0.44538795948028564	2.85
11096.311050398726	4300	29.68709317796865	0.0	2108491	4775.816895758468	0.5204350352287292	2.8499999999999996
11101.09943076352	4300	28.89871281317613	0.0	2184571	4788.38036479252	0.004705176223069429	4.3
11105.876368684072	4300	28.121774892621957	0.0	2121928	4776.937920554172	0.004705176223069429	4.3
11110.738477145145	4300	27.259666431549118	0.0	2219102	4862.1084610728385	0.004705176223069429	4.3
11116.124182633677	4300	25.87396094301725	0.0	2124950	5385.705488531868	0.004705176223069429	4.3
11121.99162180351	4300	24.006521773184105	0.0	2246506	5867.439169833147	0.004705176223069429	4.3
11126.187226793863	4300	23.81091678283282	0.0	1961140	4195.604990351284	0.004705176223069429	4.3
11130.33321247335	4300	23.664931103346294	0.0	2155012	4145.985679486525	0.004705176223069429	4.3

