15436.094453185557	750	4.0	5.693969597015465	450283	5693.969597015464	-1.000000082240371e-09	-23.734069267166497
15437.89778978073	300	6.1966634048252285	0.0	155580	1803.336595174772	-1.000000082240371e-09	-0.15000000000000002
15439.386761915863	300	8.707691269693635	0.0	139857	1488.9721351315945	-1.000000082240371e-09	0.3
15443.269653924764	750	8.82479926079069	0.0	382355	3882.8920089029434	-1.000000082240371e-09	0.3
15447.335426617043	750	8.759026568512718	0.0	411561	4065.7726922779725	-1.000000082240371e-09	0.75
15450.787516165536	750	9.306937020020264	0.0	318564	3452.0895484924526	-1.000000082240371e-09	0.75
15456.182298262724	1200	7.912154922832574	0.0	561791	5394.782097187691	-1.000000082240371e-09	0.75
15460.695887601913	750	7.398565583643807	0.0	437162	4513.589339188768	-1.000000082240371e-09	0.3
15464.764690249065	750	7.329762936490501	0.0	374758	4068.802647153306	-1.000000082240371e-09	0.75
15468.669677930076	750	7.424775255479465	0.0	362795	3904.9876810110363	-1.000000082240371e-09	0.75
15472.678142910276	750	7.416310275279793	0.0	353220	4008.464980199671	-1.000000082240371e-09	0.75
15478.44127456854	750	5.653178617014472	0.0	405134	5763.131658265321	-1.000000082240371e-09	0.75
15480.584777854909	300	7.509675330647051	0.0	160746	2143.503286367422	-1.000000082240371e-09	-0.15000000000000002
15485.273312558986	750	6.821140626568961	0.0	434409	4688.53470407809	-1.000000082240371e-09	0.3
15487.190462462768	300	8.903990722786967	0.0	140051	1917.1499037819956	-1.000000082240371e-09	-0.15000000000000002
15492.17259528628	750	7.9218578992755795	0.0	366214	4982.132823511387	-1.000000082240371e-09	0.3
15497.986708519367	750	6.107744666188269	0.0	360831	5814.11323308731	-1.000000082240371e-09	0.75
15499.922067010957	300	8.172386174598017	0.0	150616	1935.3584915902532	-1.000000082240371e-09	-0.15000000000000002
15504.567134323437	750	7.527318862118408	0.0	405596	4645.0673124796085	-1.000000082240371e-09	0.3
15508.934785642941	750	7.1596675426151375	0.0	350713	4367.65131950327	-1.000000082240371e-09	0.75
15515.95344969467	750	4.141003490885775	0.0	386472	7018.664051729363	-1.000000082240371e-09	0.75
15519.690742844728	300	4.403710340828172	0.0	157812	3737.2931500576033	-1.000000082240371e-09	-0.15000000000000002
15523.692517211695	300	4.40193597386114	0.0	163927	4001.7743669670313	-1.000000082240371e-09	0.3
15526.210526002194	300	5.883927183362325	0.0	137654	2518.008790498815	-1.000000082240371e-09	0.3
15527.987791872221	300	8.10666131333485	0.0	146754	1777.2658700274742	-1.000000082240371e-09	0.3
15531.989097604064	750	8.105355581492269	0.0	379700	4001.305731842582	-1.000000082240371e-09	0.3
15536.068602507594	750	8.025850677963493	0.0	425781	4079.504903528776	-1.000000082240371e-09	0.75
15539.407090994086	750	8.687362191471175	0.0	277716	3338.4884864923183	-1.000000082240371e-09	0.75
15544.14145825424	750	7.952994931316098	0.0	400396	4734.367260155076	-1.000000082240371e-09	0.75
15549.781835138434	750	6.312618047122053	0.0	400508	5640.3768841940455	-1.000000082240371e-09	0.75
15553.377198570686	300	6.717254614870265	0.0	157421	3595.3634322517873	-1.000000082240371e-09	-0.15000000000000002
15558.321357320834	300	5.7730958647221335	0.0	157488	4944.158750148133	-1.000000082240371e-09	0.3
15562.73738456884	300	5.357068616715052	0.0	143881	4416.027248007081	-1.000000082240371e-09	0.3
15568.032823620746	300	4.061629564808776	0.0	163444	5295.439051906277	-1.000000082240371e-09	0.3
15572.390503679124	300	4.0	0.29605049357015834	179328	4357.680058378934	-1.000000082240371e-09	-0.9730171223516808
15574.998532178344	300	5.39197150078099	0.0	159914	2608.02849921901	-1.000000082240371e-09	0.3
15576.916527262449	300	7.473976416675617	0.0	131610	1917.995084105373	-1.000000082240371e-09	0.3
15582.399664339831	750	5.990839339293112	0.0	361565	5483.137077382505	-1.000000082240371e-09	0.3
15584.465872066767	300	7.924631612358346	0.0	144254	2066.207726934766	-1.000000082240371e-09	-0.15000000000000002
15587.462302730486	750	8.92820094863916	0.0	390680	2996.4306637191858	-1.000000082240371e-09	0.3
15589.639661823001	750	10.750841856125001	0.0	345516	2177.3590925141584	-1.000000082240371e-09	0.75
15594.689823327739	1200	9.70068035138785	0.0	641452	5050.16150473715	-1.000000082240371e-09	0.75
15599.24022791109	1200	9.1502757680358	0.0	599477	4550.404583352052	-1.000000082240371e-09	1.2
15604.416037035307	1200	7.9744666438192	0.0	634861	5175.809124216599	-1.000000082240371e-09	1.2
15608.40060523786	750	7.989898441265246	0.0	398987	3984.5682025539536	-1.000000082240371e-09	0.3
15614.763420576443	750	5.62708310268406	0.0	393804	6362.815338581186	-1.000000082240371e-09	0.75
15616.875280588576	300	7.515223090549294	0.0	137507	2111.8600121347663	-1.000000082240371e-09	-0.15000000000000002
15622.915788154754	750	5.474715524371933	0.0	314107	6040.507566177361	-1.000000082240371e-09	0.3

