20863.554205585642	750	4.0	2.2982937896467757	450283	2298.2937896467756	-1.000000082240371e-09	-9.132663295481136
20864.443240839242	300	7.11096474639953	0.0	155580	889.0352536004698	-1.000000082240371e-09	-0.15000000000000002
20866.090778906124	750	9.463426679517237	0.0	350812	1647.5380668822925	-1.000000082240371e-09	0.3
20868.366550776078	1200	11.187654809561822	0.0	617681	2275.771869955415	-1.000000082240371e-09	0.75
20871.87784590865	1850	11.676359676991284	0.0	996749	3511.2951325705376	-1.000000082240371e-09	1.2000000000000002
20874.31696334465	1850	13.237242240991042	0.0	801058	2439.1174360002396	-1.000000082240371e-09	1.85
20878.715018876057	2850	12.839186709583302	0.0	1388403	4398.055531407741	-1.000000082240371e-09	1.85
20882.811622791844	1850	12.742582793795346	0.0	1060487	4096.603915787955	-1.000000082240371e-09	0.8500000000000001
20886.91357266195	1850	12.640632923688331	0.0	852833	4101.949870107015	-1.000000082240371e-09	1.85
20890.639087533753	1850	12.915118051886434	0.0	913888	3725.5148718018977	-1.000000082240371e-09	1.85
20893.509518246796	1850	14.044687338842946	0.0	939819	2870.430713043488	-1.000000082240371e-09	1.85
20898.049308426023	2850	13.50489715961796	0.0	1519951	4539.790179224987	-1.000000082240371e-09	1.85
20902.88434109614	2850	12.669864489500041	0.0	1422919	4835.032670117918	-1.000000082240371e-09	2.85
20906.311717496916	1850	13.24248808872383	0.0	1036454	3427.376400776211	-1.000000082240371e-09	0.8500000000000001
20910.20465013313	2850	13.34955545250766	0.0	1231445	3892.9326362161696	-1.000000082240371e-09	1.85
20916.60068404877	2850	10.95352153686989	0.0	1471065	6396.03391563777	-1.000000082240371e-09	2.85
20918.658673081456	1200	12.895532504185622	0.0	617242	2057.9890326842665	-1.000000082240371e-09	-0.44999999999999996
20921.564051580528	1850	13.99015400511348	0.0	885714	2905.3784990721438	-1.000000082240371e-09	1.2000000000000002
20926.853970117463	2850	12.700235468177832	0.0	1537156	5289.918536935647	-1.000000082240371e-09	1.85
20929.861864034116	1850	13.692341551525521	0.0	923755	3007.8939166523105	-1.000000082240371e-09	0.8500000000000001
20934.648922953133	2850	12.905282632510284	0.0	1415116	4787.058919015238	-1.000000082240371e-09	1.85
20938.3985680902	1850	13.155637495442996	0.0	955231	3749.6451370672876	-1.000000082240371e-09	0.8500000000000001
20943.981845110728	2850	11.572360474914705	0.0	1505760	5583.27702052829	-1.000000082240371e-09	1.85
20946.71776735414	1850	12.836438231501724	0.0	874175	2735.9222434129815	-1.000000082240371e-09	0.8500000000000001
20949.999096847998	1850	13.555108737647627	0.0	897976	3281.329493854097	-1.000000082240371e-09	1.85
20956.75336842486	2850	10.80083716078339	0.0	1480464	6754.2715768642365	-1.000000082240371e-09	1.85
20959.754945219964	1200	11.799260365677691	0.0	696376	3001.5767951056996	-1.000000082240371e-09	-0.44999999999999996
20963.6942845468	1850	11.859921038843218	0.0	758197	3939.3393268344726	-1.000000082240371e-09	1.2000000000000002
20969.004027474337	1850	10.550178111306591	0.0	972798	5309.742927536628	-1.000000082240371e-09	1.85
20973.193846500617	1200	10.360359085027145	0.0	641447	4189.819026279447	-1.000000082240371e-09	0.5499999999999999
20979.02571687874	1200	8.528488706904657	0.0	570392	5831.870378122488	-1.000000082240371e-09	1.2
20983.985915413745	750	7.568290171897828	0.0	400322	4960.198535006829	-1.000000082240371e-09	0.3
20987.32408807579	750	8.230117509853633	0.0	369834	3338.1726620441937	-1.000000082240371e-09	0.75
20993.957386190916	750	5.596819394727253	0.0	412837	6633.29811512638	-1.000000082240371e-09	0.75
20996.482654724157	300	7.071550861485439	0.0	179328	2525.268533241814	-1.000000082240371e-09	-0.15000000000000002
21000.24434354664	750	7.309862039004996	0.0	365161	3761.6888224804425	-1.000000082240371e-09	0.3
21003.91672663896	750	7.637478946688506	0.0	321064	3672.3830923164905	-1.000000082240371e-09	0.75
21010.053864614227	750	5.500340971420587	0.0	361565	6137.137975267919	-1.000000082240371e-09	0.75
21012.724168288853	300	6.830037296793798	0.0	144254	2670.3036746267894	-1.000000082240371e-09	-0.15000000000000002
21015.973169134566	300	7.581036451082082	0.0	149991	3249.0008457117165	-1.000000082240371e-09	0.3
21019.23870988139	750	8.315495704258288	0.0	345516	3265.540746823794	-1.000000082240371e-09	0.3
21023.006275674117	750	8.54792991153119	0.0	384505	3767.565792727098	-1.000000082240371e-09	0.75
21025.619273547083	750	9.934932038563922	0.0	372093	2612.9978729672666	-1.000000082240371e-09	0.75
21029.556237224086	1200	9.997968361559614	0.0	634861	3936.963677004308	-1.000000082240371e-09	0.75
21033.488925986057	1200	10.06527959958629	0.0	630203	3932.6887619733234	-1.000000082240371e-09	1.2
21037.15160486283	1200	10.402600722817072	0.0	638661	3662.67887676922	-1.000000082240371e-09	1.2
21040.067387243635	1200	11.486818342010062	0.0	538612	2915.7823808070084	-1.000000082240371e-09	1.2
21043.741981094696	1850	11.812224490948745	0.0	846370	3674.593851061317	-1.000000082240371e-09	1.2000000000000002

