16016.529124452942	750	4.0	7.947206251782381	450283	7947.2062517823815	0.004705176223069429	-33.42298688266424
16019.287516977109	300	5.241607475832228	0.0	155580	2758.392524167771	0.004705176223069429	-0.15000000000000002
16022.454565619093	300	6.07455883384848	0.0	139857	3167.048641983749	0.004705176223069429	0.3
16026.980444611576	300	5.548679841364558	0.0	155432	4525.878992483921	0.004705176223069429	0.3
16029.694884630888	300	6.834239822051922	0.0	163442	2714.4400193126367	0.004705176223069429	0.3
16032.236113039355	300	8.293011413587552	0.0	126289	2541.2284084643697	0.004705176223069429	0.3
16035.477334482917	300	9.051789970024087	0.0	153295	3241.2214435634646	0.004705176223069429	0.3
16038.861716627041	300	9.667407825900725	0.0	173849	3384.3821441233636	0.004705176223069429	0.3
16041.644197931339	300	10.88492652160276	0.0	150710	2782.481304297964	0.004705176223069429	0.3
16045.059591150186	300	11.469533302755298	0.0	139105	3415.39321884746	0.004705176223069429	0.3
16049.645453886913	300	10.883670566026595	0.0	141840	4585.862736728704	0.004705176223069429	0.3
16053.928825207693	300	10.600299245246603	0.0	156148	4283.371320779992	0.004705176223069429	0.3
16059.049026854436	300	9.48009759850249	0.0	160746	5120.2016467441135	0.004705176223069429	0.3
16064.044476894403	300	8.484647558536341	0.0	179801	4995.4500399661465	0.004705176223069429	0.3
16067.254383864998	300	9.274740587940252	0.0	140051	3209.9069705960896	0.004705176223069429	0.3
16069.54642176591	300	10.982702687027935	0.0	138313	2292.037900912317	0.004705176223069429	0.3
16071.029983827953	300	13.499140624984948	0.0	143509	1483.5620620429872	0.004705176223069429	0.3
16073.010028789571	300	15.51909566336796	0.0	150616	1980.0449616169876	0.004705176223069429	0.3
16076.190052461345	300	16.339071991592878	0.0	165384	3180.0236717750818	0.004705176223069429	0.3
16079.161091259048	300	17.36803319389052	0.0	140881	2971.0387977023593	0.004705176223069429	0.3
16082.427035443521	300	18.102089009415828	0.0	157671	3265.9441844746907	0.004705176223069429	0.3
16085.482755846377	300	19.04636860655997	0.0	157812	3055.7204028558604	0.004730554763227701	0.3
16088.190951187502	300	20.338173265434783	0.0	163927	2708.1953411251857	0.014020057395100594	0.3
16089.802489389649	300	22.726635063288555	0.0	137654	1611.5382021462294	0.09365206211805344	0.3
16093.261728809552	750	23.26739564338555	0.0	359903	3459.2394199030023	0.5399540662765503	0.3
16096.77866391212	750	23.750460540817457	0.0	379700	3516.9351025680967	0.004705176223069429	0.75
16100.989541564964	750	23.539582887974518	0.0	425781	4210.877652842939	0.004705176223069429	0.75
16104.07136842305	750	24.457756029887616	0.0	277716	3081.8268580869008	0.004705176223069429	0.75
16109.137435502444	750	23.391688950493975	0.0	400396	5066.06707939364	0.004705176223069429	0.75
16114.639653876324	750	21.88947057661443	0.0	400508	5502.218373879546	0.004705176223069429	0.75
16121.035638637939	750	19.49348581499863	0.0	358218	6395.9847616158	0.004705176223069429	0.75
16125.756532918147	750	18.77259153478994	0.0	400322	4720.8942802086885	0.05505308136343956	0.75
16128.928973661772	750	19.600150791165657	0.0	369834	3172.440743624283	0.006675802171230316	0.75
16132.692607650235	750	19.836516802703684	0.0	412837	3763.6339884619724	0.004705176223069429	0.75
16138.896100222515	750	17.633024230424937	0.0	401088	6203.4925722787475	0.004705176223069429	0.75
16143.826456044178	750	16.702668408761838	0.0	365161	4930.355821663099	0.06511241942644119	0.75
16147.866030364257	750	16.663094088682612	0.0	321064	4039.5743200792253	0.03764757513999939	0.75
16151.680122174246	750	16.849002278694243	0.0	361565	3814.091809988371	0.009752960875630379	0.75
16155.42537411679	750	17.103750336151062	0.0	378327	3745.25194254318	0.004705176223069429	0.75
16158.27156960377	750	18.257554849169047	0.0	390680	2846.1954869820142	0.004705176223069429	0.75
16160.635013163674	750	19.894111289266753	0.0	345516	2363.4435599022963	0.04215598851442337	0.75
16165.413875430535	750	19.115249022403184	0.0	384505	4778.86226686357	0.4648208022117615	0.75
16171.716360735376	750	16.81276371756288	0.0	372093	6302.485304840301	0.012500741519033909	0.75
16181.689618043933	750	10.839506409004551	0.0	438281	9973.25730855833	0.004705176223069429	0.75
16184.760512202432	300	11.768612250504706	0.0	167025	3070.8941584998443	0.004705176223069429	-0.15000000000000002
16188.121840372998	300	12.407284079938234	0.0	160064	3361.328170566472	0.03536510467529297	0.3
16191.095255301154	300	13.433869151783911	0.0	137507	2973.4149281543223	0.18011237680912018	0.3
16192.94208116904	300	15.587043283897911	0.0	118421	1846.8258678860007	0.6456131935119629	0.3

