25925.6077433146	750	4.0	1.7227784527213061	450283	1722.7784527213062	-1.000000082240371e-09	-6.657947346701616
25926.310324350503	300	7.297418964093769	0.0	155580	702.5810359062316	-1.000000082240371e-09	-0.15000000000000002
25928.02210377378	750	9.585639540817082	0.0	350812	1711.779423276686	-1.000000082240371e-09	0.3
25930.577761314547	1200	11.029982000047305	0.0	617681	2555.6575407697774	-1.000000082240371e-09	0.75
25934.025212441185	1850	11.582530873413805	0.0	996749	3447.4511266334994	-1.000000082240371e-09	1.2000000000000002
25937.62571801535	1850	11.982025299248273	0.0	801058	3600.5055741655324	-1.000000082240371e-09	1.85
25943.2407797135	1850	10.366963601102405	0.0	905515	5615.061698145868	-1.000000082240371e-09	1.85
25946.913382851304	1200	10.694360463294824	0.0	709534	3672.60313780758	-1.000000082240371e-09	0.5499999999999999
25950.038288709588	1200	11.569454605008657	0.0	584846	3124.905858286166	-1.000000082240371e-09	1.2
25954.796386146878	1850	10.81135716771833	0.0	913888	4758.0974372903265	-1.000000082240371e-09	1.2000000000000002
25958.54156066513	1200	11.066182649465858	0.0	607410	3745.1745182524733	-1.000000082240371e-09	0.5499999999999999
25964.267436632592	1850	9.340306682002703	0.0	917428	5725.875967463155	-1.000000082240371e-09	1.2000000000000002
25968.92793260741	1200	8.679810707184517	0.0	624282	4660.495974818186	-1.000000082240371e-09	0.5499999999999999
25971.582995383003	750	10.024747931589607	0.0	434409	2655.0627755949104	-1.000000082240371e-09	0.3
25975.685734549465	1200	9.922008765128659	0.0	526950	4102.739166460949	-1.000000082240371e-09	0.75
25979.91501050272	1200	9.692732811873643	0.0	587876	4229.275953255015	-1.000000082240371e-09	1.2
25985.23427765878	1200	8.373465655813051	0.0	617242	5319.267156060592	-1.000000082240371e-09	1.2
25988.22337171535	750	9.384371599241927	0.0	372963	2989.0940565711253	-1.000000082240371e-09	0.3
25994.27132565575	1200	7.336417658843418	0.0	639204	6047.953940398509	-1.000000082240371e-09	0.75
25997.685233101707	750	7.922510212889085	0.0	350713	3413.907445954334	-1.000000082240371e-09	0.3
26005.97976288677	750	4.0	0.3720195721741766	386472	8294.529785063261	-1.000000082240371e-09	-0.8496841603489593
26008.86505507907	300	5.114707807700939	0.0	157812	2885.2921922990613	-1.000000082240371e-09	-0.15000000000000002
26011.18610142017	300	6.793661466599433	0.0	163927	2321.0463411015057	-1.000000082240371e-09	0.3
26014.00781385543	300	7.971949031337891	0.0	137654	2821.712435261542	-1.000000082240371e-09	0.3
26020.60948720976	750	5.3702756770092215	0.0	359903	6601.673354328669	-1.000000082240371e-09	0.3
26022.190569828246	300	7.789193058522512	0.0	153938	1581.08261848671	-1.000000082240371e-09	-0.15000000000000002
26025.174317916153	750	8.805444970615119	0.0	425781	2983.748087907393	-1.000000082240371e-09	0.3
26026.742372656303	750	11.23739023046589	0.0	277716	1568.05474014923	-1.000000082240371e-09	0.75
26033.1042674981	1850	8.875495388672542	0.0	972798	6361.894841793347	-1.000000082240371e-09	0.75
26035.490207150437	750	10.489555736333479	0.0	400508	2385.939652339063	-1.000000082240371e-09	-0.3500000000000001
26038.82181223487	1200	11.157950651898217	0.0	570392	3331.605084435263	-1.000000082240371e-09	0.75
26045.795772990918	1850	8.183989895853482	0.0	954453	6973.960756044733	-1.000000082240371e-09	1.2000000000000002
26049.065377554394	750	8.914385332374488	0.0	369834	3269.604563478996	-1.000000082240371e-09	-0.3500000000000001
26051.60769646433	750	10.372066422438289	0.0	412837	2542.3189099361985	-1.000000082240371e-09	0.75
26054.79268856456	1200	11.187074322207982	0.0	690253	3184.9921002303067	-1.000000082240371e-09	0.75
26058.972438289722	1850	11.00732459704912	0.0	943942	4179.749725158861	-1.000000082240371e-09	1.2000000000000002
26062.044009738118	1850	11.935753148652053	0.0	728962	3071.5714483970673	-1.000000082240371e-09	1.85
26065.710574251258	1850	12.269188635511949	0.0	938587	3666.564513140105	-1.000000082240371e-09	1.85
26069.976477804637	1850	12.003285082129201	0.0	908665	4265.9035533827455	-1.000000082240371e-09	1.85
26076.877186487145	1850	9.102576399620602	0.0	930577	6900.708682508599	-1.000000082240371e-09	1.85
26080.197105489056	1200	9.782657397710905	0.0	566904	3319.9190019096995	-1.000000082240371e-09	0.5499999999999999
26084.260260711606	1200	9.719502175162667	0.0	641452	4063.155222548238	-1.000000082240371e-09	1.2
26090.871675741007	1200	7.10808714576183	0.0	599477	6611.415029400836	-1.000000082240371e-09	1.2
26100.61273918426	750	4.0	2.6329762974932547	438281	9741.063443255085	-1.000000082240371e-09	-11.021798079220995
26104.603018565223	300	4.009720619038586	0.0	167025	3990.279380961414	-1.000000082240371e-09	-0.15000000000000002
26109.30794242846	300	4.0	0.6952032441981583	160064	4704.923863236744	-1.000000082240371e-09	-2.689373950052081
26112.807504895594	300	4.500437532866012	0.0	137507	3499.5624671339883	-1.000000082240371e-09	0.3
26115.1726165045	300	6.135325923959324	0.0	118421	2365.111608906687	-1.000000082240371e-09	0.3

