23007.231429322484	750	4.0	3.995068697861578	450283	3995.068697861578	0.08388631790876389	-16.428795400804784
23008.723701409817	300	6.507727912669612	0.0	155580	1492.2720873303876	0.004705176223069429	-0.15000000000000002
23009.99579746388	300	9.235631858607427	0.0	139857	1272.0960540621852	0.004705176223069429	0.3
23011.410580415417	300	11.820848907070088	0.0	155432	1414.7829515373378	0.004705176223069429	0.3
23012.95600182571	300	14.27542749677892	0.0	163442	1545.4214102911674	0.01701957732439041	0.3
23014.00295488493	300	17.228474437554695	0.0	126289	1046.9530592242274	0.3157420754432678	0.3
23015.250156647104	300	19.98127267538223	0.0	153295	1247.201762172467	0.6963022947311401	0.3
23018.837609108385	750	20.393820214100714	0.0	437162	3587.4524612815153	0.3012312054634094	0.3
23022.26568430371	750	20.96574501877431	0.0	374758	3428.0751953264034	0.013082427904009819	0.75
23026.96282809017	750	20.268601232315522	0.0	362795	4697.143786458785	0.006353490985929966	0.75
23034.039805361637	750	17.191623960852247	0.0	353220	7076.977271463274	0.008494825102388859	0.75
23036.477252877135	300	18.75417644535176	0.0	156148	2437.4475155004866	0.11740748584270477	-0.15000000000000002
23038.524826789526	300	20.706602532961707	0.0	160746	2047.5739123900546	0.05597663298249245	0.3
23041.24215320399	300	21.98927611849594	0.0	179801	2717.3264144657646	0.4086154103279114	0.3
23043.013048007426	300	24.218381315059936	0.0	140051	1770.894803436004	0.6058129072189331	0.3
23047.329568094534	750	23.901861227953443	0.0	366214	4316.520087106495	0.26558780670166016	0.3
23051.200750373504	750	24.030678948982395	0.0	360831	3871.182278971048	0.004705176223069429	0.75
23054.69628096567	750	24.535148356819953	0.0	372963	3495.530592162443	0.004705176223069429	0.75
23059.030892215596	750	24.200537106890756	0.0	405596	4334.611249929198	0.004705176223069429	0.75
23062.809917694343	750	24.421511628139246	0.0	350713	3779.0254787515073	0.004705176223069429	0.75
23068.081031819245	750	23.150397503237343	0.0	386472	5271.114124901904	0.004705176223069429	0.75
23076.748262678288	750	18.48316664419642	0.0	399894	8667.230859040921	0.004705176223069429	0.75
23078.93888738151	300	20.29254194097326	0.0	163927	2190.6247032231613	0.06171543151140213	-0.15000000000000002
23081.147751293578	300	22.08367802890776	0.0	137654	2208.8639120654993	0.26231157779693604	0.3
23083.097238538077	300	24.134190784406933	0.0	146754	1949.4872445008275	0.49959665536880493	0.3
23091.291257030458	750	19.940172292028077	0.0	379700	8194.018492378855	0.32493752241134644	0.3
23097.01259780918	300	18.218831513307027	0.0	181901	5721.34077872105	0.3082810044288635	-0.15000000000000002
23099.721526801965	300	19.509902520517105	0.0	111155	2708.928992789925	0.004705176223069429	0.3
23103.79024072733	300	19.441188595154905	0.0	153605	4068.7139253622026	0.006601191591471434	0.3
23107.544319478493	300	19.68710984398854	0.0	149029	3754.0787511663634	0.005266088526695967	0.3
23110.76436351632	300	20.467065806161287	0.0	157421	3220.044037827251	0.016057996079325676	0.3
23113.954438562072	300	21.27699076040826	0.0	157488	3190.075045753026	0.049010585993528366	0.3
23117.645461407406	300	21.58596791507292	0.0	143881	3691.0228453353398	0.16615362465381622	0.3
23121.124778894144	300	22.1066504283346	0.0	163444	3479.317486738322	0.12280543148517609	0.3
23126.143638479636	300	21.087790842844313	0.0	179328	5018.859585490286	0.555324375629425	0.3
23130.015395478425	300	21.2160338440563	0.0	159914	3871.7569987880115	0.21542730927467346	0.3
23132.360502942785	300	22.870926379693802	0.0	131610	2345.1074643624993	0.6950085163116455	0.3
23138.735332523123	750	20.496096799356607	0.0	361565	6374.829580337197	0.11225653439760208	0.3
23144.749842704026	750	18.481586618449846	0.0	378327	6014.5101809067655	0.0053530121222138405	0.75
23154.071427336206	750	13.160001986272805	0.0	390680	9321.584632177039	0.007801547646522522	0.75
23156.31835064796	300	14.913078674513068	0.0	147968	2246.9233117597378	0.004705176223069429	-0.15000000000000002
23158.580432802184	300	16.65099652029015	0.0	161857	2262.0821542229187	0.051053132861852646	0.3
23162.43499817409	750	16.796431148384773	0.0	372093	3854.5653719053776	0.6904460191726685	0.3
23166.528345690764	750	16.703083631709564	0.0	438281	4093.3475166752114	0.004705176223069429	0.75
23170.087549813645	750	17.14387950883053	0.0	398987	3559.2041228790335	0.007348111364990473	0.75
23173.202566367425	750	18.028862955048016	0.0	393804	3115.0165537825155	0.01757221110165119	0.75
23175.94106456718	750	19.29036475529153	0.0	331053	2738.4981997564823	0.6905192136764526	0.75
23181.68760293942	1200	17.543826383053986	0.0	550906	5746.538372237544	0.4397500455379486	0.75

