11113.751409431161	750	4.0	3.666539248000215	450283	3666.5392480002147	-1.000000082240371e-09	-15.016118766400924
11114.683657250234	300	7.067752180926023	0.0	155580	932.2478190739762	-1.000000082240371e-09	-0.15000000000000002
11117.658061361306	750	8.093348069854693	0.0	350812	2974.4041110713297	-1.000000082240371e-09	0.3
11120.72718972739	750	9.024219703769914	0.0	382355	3069.1283660847807	-1.000000082240371e-09	0.75
11124.975963736277	1200	8.775445694883947	0.0	652874	4248.774008885966	-1.000000082240371e-09	0.75
11127.416690660195	750	10.334718770965457	0.0	318564	2440.7269239184907	-1.000000082240371e-09	0.3
11130.849879747842	1200	10.901529683320001	0.0	561791	3433.189087645457	-1.000000082240371e-09	0.75
11135.339057161054	1200	10.412352270107517	0.0	709534	4489.177413212484	-1.000000082240371e-09	1.2
11138.162432420608	1200	11.588977010553982	0.0	584846	2823.375259553534	-1.000000082240371e-09	1.2
11145.792615674973	1850	7.958793756189515	0.0	913888	7630.183254364469	-1.000000082240371e-09	1.2000000000000002
11149.939607351102	750	7.811802080059296	0.0	353220	4146.991676130218	-1.000000082240371e-09	-0.3500000000000001
11153.707583283072	750	8.043826148088966	0.0	405134	3767.9759319703294	-1.000000082240371e-09	0.75
11156.801872651502	750	8.949536779658269	0.0	386351	3094.2893684306987	-1.000000082240371e-09	0.75
11159.203998264591	750	10.547411166570036	0.0	434409	2402.125613088232	-1.000000082240371e-09	0.75
11162.962187740759	1200	10.789221690402387	0.0	526950	3758.189476167648	-1.000000082240371e-09	0.75
11167.415603197904	1200	10.335806233256447	0.0	587876	4453.415457145939	-1.000000082240371e-09	1.2
11172.505552882805	1200	9.245856548355587	0.0	617242	5089.949684900862	-1.000000082240371e-09	1.2
11186.586656648678	1200	4.0	4.835247217517337	581493	14081.103765872924	-1.000000082240371e-09	-19.59156303532455
11190.2955287098	300	4.2911279388801145	0.0	165384	3708.872061119886	-1.000000082240371e-09	-0.6000000000000001
11192.283623584066	300	6.303033064613263	0.0	140881	1988.0948742668509	-1.000000082240371e-09	0.3
11193.78924103991	300	8.79741560876715	0.0	157671	1505.6174558461146	-1.000000082240371e-09	0.3
11197.519371598459	750	9.067285050219892	0.0	399894	3730.1305585472564	-1.000000082240371e-09	0.3
11202.910006097864	1200	7.676650550813079	0.0	656471	5390.634499406813	-1.000000082240371e-09	0.75
11205.507683233262	750	9.078973415416867	0.0	343800	2597.6771353962117	-1.000000082240371e-09	0.3
11209.546464928966	1200	9.040191719711132	0.0	587236	4038.7816957057357	-1.000000082240371e-09	0.75
11212.716985390669	1200	9.869671258009273	0.0	590335	3170.5204617018585	-1.000000082240371e-09	1.2
11216.144405858791	1200	10.44225078988761	0.0	696376	3427.4204681216656	-1.000000082240371e-09	1.2
11218.493269725392	1200	12.093386923287035	0.0	487160	2348.863866600573	-1.000000082240371e-09	1.2
11224.472159847428	1850	10.114496801251287	0.0	972798	5978.890122035748	-1.000000082240371e-09	1.2000000000000002
11229.041666598869	1200	9.544990049808293	0.0	641447	4569.506751442995	-1.000000082240371e-09	0.5499999999999999
11233.445197802572	1200	9.14145884610644	0.0	570392	4403.531203701854	-1.000000082240371e-09	1.2
11237.705078787545	1200	8.88157786113384	0.0	620283	4259.880984972599	-1.000000082240371e-09	1.2
11240.686762807592	750	9.899893841084968	0.0	369834	2981.6840200488714	-1.000000082240371e-09	0.3
11250.711761507437	1200	4.0	0.12510485875886843	670129	10024.998699843836	-1.000000082240371e-09	0.21204910733686572
11253.872146786212	300	4.839614721224416	0.0	179328	3160.3852787755836	-1.000000082240371e-09	-0.6000000000000001
11256.798064915625	300	5.913696591812672	0.0	159914	2925.918129411744	-1.000000082240371e-09	0.3
11259.308040308075	300	7.403721199362579	0.0	131610	2509.9753924500933	-1.000000082240371e-09	0.3
11268.094822332205	750	4.0	1.3830608247670462	361565	8786.782024129625	-1.000000082240371e-09	-5.647161546498299
11271.184025602777	300	4.910796729429338	0.0	144254	3089.203270570662	-1.000000082240371e-09	-0.15000000000000002
11273.651374092067	300	6.443448240139968	0.0	149991	2467.3484892893694	-1.000000082240371e-09	0.3
11276.506353984796	300	7.588468347410756	0.0	147968	2854.979892729212	-1.000000082240371e-09	0.3
11285.855653980683	750	4.0	1.7608316484780036	384505	9349.29999588876	-1.000000082240371e-09	-7.271576088455415
11288.878561499852	300	4.977092480830224	0.0	145210	3022.907519169776	-1.000000082240371e-09	-0.15000000000000002
11292.129615656251	300	5.726038324431917	0.0	172312	3251.054156398308	-1.000000082240371e-09	0.3
11294.826294851271	300	7.0293591294113265	0.0	167025	2696.67919502059	-1.000000082240371e-09	0.3
11299.92900348112	750	5.926650499563382	0.0	393804	5102.708629847944	-1.000000082240371e-09	0.3
11301.436387761654	300	8.419266219028431	0.0	137507	1507.3842805349514	-1.000000082240371e-09	-0.15000000000000002
11305.036250199917	750	8.819403780764947	0.0	314107	3599.8624382634835	-1.000000082240371e-09	0.3

