9353.619560733883	750	4.0	2.342534869962582	450283	2342.534869962582	0.005228750873357058	-9.322899940839102
9356.697911021456	750	4.9216497124265635	0.0	398865	3078.3502875734366	0.6780949234962463	0.75
9357.47211254118	300	8.147448192701924	0.0	139857	774.2015197246387	0.030492259189486504	-0.15000000000000002
9358.194875364527	300	11.424685369354927	0.0	155432	722.7628233469975	0.013838298618793488	0.3
9359.75654684963	750	13.8630138842513	0.0	411561	1561.6714851036272	0.3981001377105713	0.3
9361.585751536099	1200	16.03380919778361	0.0	520315	1829.204686467691	0.01174612995237112	0.75
9363.506056465723	1200	18.113504268159343	0.0	561791	1920.3049296242657	0.004705176223069429	1.2
9365.657196568844	1200	19.96236416503984	0.0	709534	2151.1401031195032	0.004705176223069429	1.2
9367.562351999044	1200	22.057208734837737	0.0	584846	1905.1554302021061	0.004705176223069429	1.2
9369.365507567849	1200	24.254053166033756	0.0	560821	1803.1555688039798	0.004705176223069429	1.2
9371.589231825716	1200	26.03032890816801	0.0	607410	2223.7242578657465	0.004705176223069429	1.2
9373.617264408722	1200	28.00229632516093	0.0	594078	2028.0325830070785	0.005007379222661257	1.2
9377.498125309958	1200	28.12143542392596	0.0	624282	3880.860901234969	0.012597199529409409	1.2
9380.38610857538	1200	29.233452158503205	0.0	687371	2887.9832654227534	0.004705176223069429	1.2
9382.652049006294	1200	30.96751172758836	0.0	526950	2265.9404309148435	0.004705176223069429	1.2
9384.67631290978	1200	32.94324782410361	0.0	587876	2024.2639034847523	0.004705176223069429	1.2
9386.722401736444	1200	34.89715899744034	0.0	617242	2046.0888266632692	0.024993816390633583	1.2
9388.554955951771	1200	37.064604782113626	0.0	581493	1832.554215326713	0.20114605128765106	1.2
9390.61009168521	1200	39.00946904867446	0.0	639204	2055.1357334391637	0.32840606570243835	1.2
9394.746091086874	2850	38.873469647009735	0.0	1336050	4135.999401664728	0.6768616437911987	1.2000000000000002
9399.275823808415	2850	38.3437369254685	0.0	1415116	4529.732721541236	0.004705176223069429	2.85
9405.84623885651	2850	35.77332187737335	0.0	1468126	6570.41504809515	0.004705176223069429	2.85
9411.967048643068	2850	33.65251209081466	0.0	1505760	6120.809786558684	0.004705176223069429	2.85
9417.007480333144	2850	32.61208040073812	0.0	1323990	5040.431690076542	0.004705176223069429	2.85
9422.539887882422	2850	31.0796728514605	0.0	1383735	5532.40754927762	0.004705176223069429	2.85
9430.983670756326	2850	26.63588997755481	0.0	1480464	8443.782873905688	0.004705176223069429	2.85
9438.965817761666	2850	22.653742972216445	0.0	1547572	7982.147005338369	0.018908319994807243	2.85
9446.258412671896	2850	19.36114806198541	0.0	1141971	7292.594910231035	0.12333931773900986	2.85
9450.277141309443	1200	19.342419424437825	0.0	622896	4018.7286375475865	0.12232189625501633	-0.44999999999999996
9454.655250370823	1200	18.964310363059457	0.0	641447	4378.109061378367	0.006260656286031008	1.2
9458.396059843451	1200	19.22350089043069	0.0	570392	3740.809472628765	0.012282614596188068	1.2
9463.082307069846	1200	18.53725366403669	0.0	620283	4686.247226394002	0.013810995034873486	1.2
9467.855503173021	1200	17.7640575608603	0.0	584349	4773.196103176387	0.12219651788473129	1.2
9473.247249871236	1200	16.372310862645687	0.0	670129	5391.746698214613	0.6904270648956299	1.2
9476.844317872368	750	16.775242861512606	0.0	401088	3597.0680011330833	0.6509333848953247	0.3
9481.237757017287	750	16.381803716593716	0.0	365161	4393.439144918888	0.007658237591385841	0.75
9484.473414141665	750	17.146146592215764	0.0	321064	3235.6571243779485	0.004733783192932606	0.75
9493.142868406982	750	12.476692326899183	0.0	361565	8669.454265316583	0.00525806425139308	0.75
9495.005036166525	300	14.614524567355783	0.0	144254	1862.1677595434003	0.004705176223069429	-0.15000000000000002
9497.739328439266	300	15.880232294614304	0.0	149991	2734.292272741481	0.21568115055561066	0.3
9500.382696615581	300	17.236864118299728	0.0	147968	2643.368176314576	0.2680903375148773	0.3
9506.692918262617	750	14.926642471262694	0.0	384505	6310.221647037033	0.47001177072525024	0.3
9509.507615875982	750	16.111944857898678	0.0	372093	2814.6976133640164	0.06401066482067108	0.75
9511.919031386231	750	17.70052934765082	0.0	438281	2411.4155102478544	0.005961287766695023	0.75
9516.264674222019	1200	17.354886511862322	0.0	630203	4345.642835788503	0.5875230431556702	0.75
9520.088802519269	1200	17.530758214612348	0.0	638661	3824.128297249972	0.013339946046471596	1.2
9523.15384131264	1200	18.46571942124211	0.0	538612	3065.0387933702427	0.004705176223069429	1.2
9527.824534624799	1200	17.7950261090828	0.0	550906	4670.693312159306	0.004822606220841408	1.2

