21916.560761036122	750	4.0	1.384287999087403	450283	1384.287999087403	0.004705176223069429	-5.202438396075833
21918.64655176843	1200	5.9142092676901505	0.0	611087	2085.7907323098493	0.3862292468547821	0.75
21920.852562903725	1200	7.7081981323951245	0.0	571051	2206.0111352950253	0.0060409256257116795	1.2
21922.96160685056	1200	9.599154185560037	0.0	617681	2109.043946835087	0.007303754799067974	1.2
21925.131287996348	1200	11.429473039771706	0.0	652874	2169.6811457883323	0.004705176223069429	1.2
21926.846029903903	1200	13.714731132217286	0.0	520315	1714.7419075544187	0.004705176223069429	1.2
21928.703878411667	1200	15.856882624455087	0.0	561791	1857.8485077621995	0.004705176223069429	1.2
21930.96928599	1200	17.591475046120454	0.0	709534	2265.4075783346325	0.004705176223069429	1.2
21932.9217808491	1200	19.63898018701806	0.0	584846	1952.4948591023938	0.004705176223069429	1.2
21934.629284092225	1200	21.93147694389423	0.0	560821	1707.503243123834	0.004705176223069429	1.2
21936.674612115155	1200	23.88614892096358	0.0	607410	2045.3280229306463	0.004705176223069429	1.2
21938.804926907742	1200	25.75583412837758	0.0	594078	2130.3147925860035	0.005926506593823433	1.2
21941.920487664025	1200	26.640273372091134	0.0	624282	3115.560756286441	0.008142913691699505	1.2
21944.60162575138	1200	27.959135284734685	0.0	687371	2681.1380873564503	0.004705176223069429	1.2
21946.314533783952	1200	30.24622725216239	0.0	526950	1712.9080325722932	0.0053945682011544704	1.2
21948.63229577231	1200	31.92846526380661	0.0	587876	2317.7619883557823	0.020417537540197372	1.2
21952.548299542213	1200	32.01246149390055	0.0	617242	3916.0037699060554	0.019215865060687065	1.2
21957.851075301718	1200	30.709685734398583	0.0	581493	5302.77575950197	0.004705176223069429	1.2
21963.55249999511	1200	29.00826104100615	0.0	639204	5701.424693392432	0.007054355461150408	1.2
21971.23100857055	1200	25.329752465562464	0.0	586839	7678.508575443683	0.015204931609332561	1.2
21974.839392311715	750	25.721368724399785	0.0	386472	3608.383741162682	0.6894768476486206	0.3
21979.083763450944	750	25.47699758517161	0.0	399894	4244.371139228177	0.07180248945951462	0.75
21983.776739464305	750	24.784021571807475	0.0	401853	4692.976013364131	0.011843079701066017	0.75
21987.56739140993	750	24.993369626184013	0.0	343800	3790.651945623463	0.004705176223069429	0.75
21990.239560483038	750	26.321200553076523	0.0	359903	2672.1690731074877	0.004705176223069429	0.75
21992.76604212112	750	27.794718914993325	0.0	379700	2526.4816380832	0.005609502084553242	0.75
21995.980886472564	750	28.57987456354924	0.0	425781	3214.844351444087	0.027697447687387466	0.75
21997.678615937893	750	30.882145098220708	0.0	277716	1697.729465328531	0.028575358912348747	0.75
22000.334043925774	750	32.22671711034104	0.0	400396	2655.4279878796647	0.34956982731819153	0.75
22002.38104450915	750	34.179716526965294	0.0	400508	2047.0005833757548	0.35055777430534363	0.75
22006.008710842594	1200	34.55205019352195	0.0	570392	3627.666333443344	0.14006416499614716	0.75
22010.050256158593	1200	34.51050487752336	0.0	620283	4041.5453159985964	0.004775256384164095	1.2
22014.8365702507	1200	33.7241907854171	0.0	584349	4786.314092106262	0.004705176223069429	1.2
22019.707804823498	1200	32.852956212619056	0.0	670129	4871.2345727980455	0.007825405336916447	1.2
22026.84320082981	1200	29.71756020630639	0.0	690253	7135.396006312664	0.005669640377163887	1.2
22030.900401683077	1200	29.66035935303971	0.0	598727	4057.2008532666828	0.07432746142148972	1.2
22034.36312792297	1200	30.197633113146463	0.0	487812	3462.7262398932476	0.004705176223069429	1.2
22037.735881241257	1200	30.82487979486053	0.0	575591	3372.7533182859347	0.004705176223069429	1.2
22041.236234810385	1200	31.3245262257325	0.0	605884	3500.353569128026	0.004705176223069429	1.2
22044.14871687485	1200	32.412044161269925	0.0	587506	2912.4820644625725	0.014443602412939072	1.2
22047.28164004467	1200	33.27912099144963	0.0	566904	3132.923169820298	0.1945583075284958	1.2
22050.86924249467	1200	33.69151854144878	0.0	641452	3587.6024500008507	0.5416021347045898	1.2
22058.227441581672	2850	30.333319454450695	0.0	1343002	7358.199086998084	0.6832189559936523	1.2000000000000002
22067.3851975027	2850	25.175563533420398	0.0	1587250	9157.755921030297	0.004705176223069429	2.85
22078.481504407056	2850	18.07925662906369	0.0	1464921	11096.30690435671	0.004705176223069429	2.85
22082.48139726171	1200	18.079363774410826	0.0	638661	3999.89285465286	0.6507185697555542	-0.44999999999999996
22084.98749502155	1200	19.573266014570084	0.0	538612	2506.097759840744	0.006254684645682573	1.2
22091.031528525644	2850	17.529232510476866	0.0	1364537	6044.033504093217	0.2459450215101242	1.2000000000000002

