4125.073151387558	750	4.0	3.5013497766476167	450283	3501.3497766476166	0.005415354855358601	-14.305804039584752
4126.04140967786	300	7.031741709697546	0.0	155580	968.258290302454	0.009068743325769901	-0.15000000000000002
4126.7281509699515	300	10.345000417606482	0.0	139857	686.7412920910647	0.004705176223069429	0.3
4127.451441437082	300	13.621709950475047	0.0	155432	723.2904671314337	0.6465158462524414	0.3
4129.270876655876	750	15.802274731681717	0.0	411561	1819.4352187933314	0.17853955924510956	0.3
4131.531794187556	1200	17.54135720000191	0.0	520315	2260.917531679805	0.032657913863658905	0.75
4133.700128709105	1200	19.373022678452738	0.0	561791	2168.334521549175	0.004705176223069429	1.2
4136.6677826906	1200	20.40536869695792	0.0	709534	2967.653981494817	0.004705176223069429	1.2
4139.454069754971	1200	21.61908163258739	0.0	584846	2786.2870643705305	0.004705176223069429	1.2
4143.121677336311	1200	21.951474051246922	0.0	560821	3667.6075813404696	0.004705176223069429	1.2
4147.528297289144	1200	21.544854098413918	0.0	607410	4406.619952833004	0.004994712304323912	1.2
4151.50701283696	1200	21.566138550597856	0.0	594078	3978.715547816063	0.016134465113282204	1.2
4155.689776347399	1200	21.38337504015856	0.0	624282	4182.763510439298	0.014119291678071022	1.2
4159.715767054085	1200	21.357384333472886	0.0	687371	4025.9907066856704	0.019439566880464554	1.2
4162.644821514481	1200	22.428329873076276	0.0	526950	2929.054460396613	0.0084371417760849	1.2
4167.64573999119	1200	21.427411396367425	0.0	587876	5000.918476708853	0.006833598483353853	1.2
4174.42599709222	1200	18.64715429533667	0.0	617242	6780.257101030755	0.35812506079673767	1.2
4178.574947341165	750	18.498204046391674	0.0	372963	4148.950248944995	0.06261776387691498	0.3
4183.271065177333	750	17.80208621022306	0.0	405596	4696.1178361686125	0.007331998087465763	0.75
4187.893026279364	750	17.180125108193128	0.0	350713	4621.9611020299335	0.018823670223355293	0.75
4190.913997054344	750	18.159154333212815	0.0	386472	3020.970774980311	0.06275661289691925	0.75
4193.226732770437	750	19.846418617120108	0.0	399894	2312.7357160927063	0.004846973344683647	0.75
4195.264939756681	750	21.808211630875068	0.0	401853	2038.2069862450412	0.01889023557305336	0.75
4196.932280475613	750	24.14087091194365	0.0	343800	1667.3407189314169	0.2471214085817337	0.75
4199.177399516539	750	25.895751871017776	0.0	359903	2245.1190409258757	0.6858334541320801	0.75
4200.852812119228	750	28.220339268328953	0.0	379700	1675.4126026888225	0.46465519070625305	0.75
4204.166378883958	1200	28.906772503599093	0.0	696376	3313.5667647298615	0.0975150391459465	0.75
4208.015934734162	1200	29.05721665339489	0.0	487160	3849.555850204205	0.004705176223069429	1.2
4215.303933297406	1200	25.769218090150986	0.0	622896	7287.9985632439	0.0059137181378901005	1.2
4217.41128895648	750	27.661862431076674	0.0	400508	2107.355659074309	0.6312838792800903	0.3
4220.916251167975	1200	28.156900219580965	0.0	570392	3504.962211495708	0.33729639649391174	0.75
4224.0508942313845	1200	29.022257156171612	0.0	620283	3134.6430634093535	0.004705176223069429	1.2
4227.61116087649	1200	29.46199051106562	0.0	584349	3560.2666451059945	0.004705176223069429	1.2
4231.022216632034	1200	30.050934755521983	0.0	670129	3411.0557555436358	0.004705176223069429	1.2
4233.339913749465	1200	31.733237638090042	0.0	690253	2317.6971174319415	0.004705176223069429	1.2
4235.5582254878345	1200	33.514925899720794	0.0	598727	2218.3117383692447	0.11209221184253693	1.2
4240.401281333233	2850	32.671870054322184	0.0	1139291	4843.055845398609	0.6752934455871582	1.2000000000000002
4246.541160589976	2850	30.53199079757881	0.0	1499009	6139.879256743375	0.004705176223069429	2.85
4252.243500676307	2850	28.829650711247826	0.0	1427478	5702.340086330986	0.004705176223069429	2.85
4257.041940094698	2850	28.03121129285783	0.0	1402287	4798.439418389995	0.004705176223069429	2.85
4262.000981771467	2850	27.07216961608775	0.0	1339500	4959.04167677008	0.004705176223069429	2.85
4267.172318726164	2850	25.90083266139064	0.0	1527299	5171.3369546971035	0.004705176223069429	2.85
4271.783289024417	2850	25.28986236313807	0.0	1343002	4610.970298252574	0.004705176223069429	2.85
4277.672935815507	2850	23.400215572048097	0.0	1587250	5889.646791089969	0.004705176223069429	2.85
4282.737299693249	2850	22.335851694306676	0.0	1464921	5064.363877741423	0.004705176223069429	2.85
4287.113069467922	2850	21.96008191963301	0.0	1483527	4375.769774673666	0.005995657294988632	2.85
4290.745116634432	2850	22.328034753124047	0.0	1231456	3632.047166508961	0.11452504247426987	2.85
4295.624061369225	2850	21.449090018330327	0.0	1364537	4878.944734793719	0.6028468608856201	2.85

