24823.162349593647	750	4.0	1.7227784527213061	450283	1722.7784527213062	0.004705176223069429	-6.657947346701616
24824.958572447988	750	6.20377714565615	0.0	398865	1796.22285434385	0.20808790624141693	0.75
24826.70577313369	750	8.456576459953192	0.0	350812	1747.2006857029573	0.45850685238838196	0.75
24828.159184192395	750	11.003165401252037	0.0	382355	1453.4110587011546	0.6012164950370789	0.75
24830.46150459917	1200	12.700844994474298	0.0	652874	2302.3204067777383	0.04746939614415169	0.75
24832.47144675392	1200	14.690902839724332	0.0	520315	2009.9421547499664	0.004705176223069429	1.2
24835.01988842495	1200	16.142461168691533	0.0	561791	2548.4416710327987	0.004705176223069429	1.2
24838.99978223072	1200	16.162567362922275	0.0	709534	3979.893805769259	0.004705176223069429	1.2
24842.546739250476	1200	16.61561034316537	0.0	584846	3546.9570197569046	0.005087621510028839	1.2
24845.634369361356	1200	17.5279802322857	0.0	560821	3087.6301108796706	0.007852776907384396	1.2
24848.745019909875	1200	18.417329683767083	0.0	607410	3110.6505485186167	0.0065782880410552025	1.2
24851.73688457463	1200	19.425465019008012	0.0	594078	2991.8646647590667	0.004818860907107592	1.2
24855.771840332683	1200	19.390509260958666	0.0	624282	4034.955758049348	0.004705176223069429	1.2
24860.035645597385	1200	19.126703996258648	0.0	687371	4263.805264700016	0.013463743031024933	1.2
24863.68309432701	1200	19.47925526663105	0.0	526950	3647.4487296275984	0.020977012813091278	1.2
24867.645081886953	1200	19.51726770669187	0.0	587876	3961.9875599391776	0.0668797418475151	1.2
24871.978177952806	1200	19.184171640834894	0.0	617242	4333.096065856978	0.08168692886829376	1.2
24876.37856077095	1200	18.78378882269018	0.0	581493	4400.382818144713	0.11645601689815521	1.2
24881.56605534158	1200	17.59629425206293	0.0	639204	5187.494570627254	0.4052163362503052	1.2
24884.69927961371	750	18.463069979931493	0.0	350713	3133.224272131435	0.6559897661209106	0.3
24887.440731481678	750	19.72161811196449	0.0	386472	2741.451867967006	0.005786975380033255	0.75
24891.64129725837	750	19.52105233527269	0.0	399894	4200.565776691802	0.015402715653181076	0.75
24895.69413898555	750	19.46821060809328	0.0	401853	4052.8417271794106	0.004705176223069429	0.75
24903.210159594717	750	15.95218999892227	0.0	343800	7516.020609171011	0.004705176223069429	0.75
24905.93405606829	300	17.228293525349187	0.0	146754	2723.896473573083	0.017675405368208885	-0.15000000000000002
24908.354547880816	300	18.80780171282099	0.0	153938	2420.4918125281993	0.009235534816980362	0.3
24911.66587013752	300	19.496479456118593	0.0	181901	3311.322256702397	0.04805266857147217	0.3
24913.898281423466	300	21.26406817017564	0.0	111155	2232.41128594295	0.07278561592102051	0.3
24916.776051795532	300	22.38629779810971	0.0	153605	2877.770372065929	0.4701569378376007	0.3
24919.32411872861	300	23.838230865027416	0.0	149029	2548.0669330822916	0.4479820430278778	0.3
24922.01124415987	750	25.151105433767764	0.0	358218	2687.125431259653	0.471844345331192	0.3
24924.32782025826	750	26.834529335378452	0.0	400322	2316.5760983893106	0.004705176223069429	0.75
24926.80855464962	750	28.353794944020144	0.0	369834	2480.734391358307	0.05676807835698128	0.75
24929.620059702378	750	29.54228989126102	0.0	412837	2811.5050527591243	0.12480082362890244	0.75
24932.098185415824	750	31.064164177816863	0.0	401088	2478.1257134441594	0.27812376618385315	0.75
24935.44849273674	1200	31.713856856896726	0.0	598727	3350.307320920135	0.6357463002204895	0.75
24939.49225765303	1200	31.670091940605523	0.0	487812	4043.7649162912057	0.004705176223069429	1.2
24943.07454996514	1200	32.08779962849752	0.0	575591	3582.2923121080034	0.004705176223069429	1.2
24948.03697476984	1200	31.125374823797276	0.0	605884	4962.424804700242	0.004705176223069429	1.2
24951.165514116656	1200	31.99683547697778	0.0	587506	3128.5393468194957	0.004705176223069429	1.2
24953.614976941335	1200	33.547372652298	0.0	566904	2449.4628246797793	0.03652805835008621	1.2
24960.122978816336	2850	31.039370777296973	0.0	1527299	6508.001875001026	0.5681920051574707	1.2000000000000002
24965.792504305206	2850	29.36984528842844	0.0	1343002	5669.525488868531	0.004705176223069429	2.85
24975.769820397818	2850	23.392529195817644	0.0	1587250	9977.316092610796	0.004705176223069429	2.85
24986.741113493164	2850	16.42123610047019	0.0	1464921	10971.293095347457	0.004705176223069429	2.85
24999.668205027647	1200	7.494144565986493	0.0	638661	12927.091534483696	0.3716530203819275	-0.44999999999999996
25002.711453686894	300	8.450895906740502	0.0	137507	3043.2486592459895	0.004705176223069429	-0.6000000000000001
25006.29510212657	300	8.867247467063944	0.0	118421	3583.6484396765586	0.004705176223069429	0.3

