21976.454364799694	750	4.0	1.5754002818435975	450283	1575.4002818435974	-1.000000082240371e-09	-6.024221211927469
21977.296986557045	300	7.157378242649309	0.0	155580	842.6217573506916	-1.000000082240371e-09	-0.15000000000000002
21978.666837133813	750	9.78752766588118	0.0	350812	1369.8505767681293	-1.000000082240371e-09	0.3
21980.75546195441	1200	11.698902845282603	0.0	617681	2088.6248205985758	-1.000000082240371e-09	0.75
21985.614308576452	1850	10.840056223241762	0.0	996749	4858.846622040842	-1.000000082240371e-09	1.2000000000000002
21989.03442342393	1200	11.419941375764877	0.0	520315	3420.1148474768856	-1.000000082240371e-09	0.5499999999999999
21996.79403777555	1850	7.660327024147237	0.0	905515	7759.61435161764	-1.000000082240371e-09	1.2000000000000002
21998.86297102851	750	9.591393771187219	0.0	437162	2068.9332529600183	-1.000000082240371e-09	-0.3500000000000001
22001.863835019078	1200	10.590529780618155	0.0	584846	3000.863990569063	-1.000000082240371e-09	0.75
22004.78892509823	1200	11.66543970146743	0.0	560821	2925.0900791507256	-1.000000082240371e-09	1.2
22009.162970225232	1850	11.291394574461483	0.0	939819	4374.045127005947	-1.000000082240371e-09	1.2000000000000002
22014.12429229384	1850	10.330072505855005	0.0	917428	4961.322068606478	-1.000000082240371e-09	1.85
22017.22762106764	1200	11.226743732053883	0.0	624282	3103.3287738011227	-1.000000082240371e-09	0.5499999999999999
22022.04721063343	1850	10.407154166261241	0.0	1036454	4819.589565792641	-1.000000082240371e-09	1.2000000000000002
22025.561022339283	1200	10.893342460406634	0.0	526950	3513.8117058546063	-1.000000082240371e-09	0.5499999999999999
22028.93005471293	1200	11.524310086756758	0.0	587876	3369.032373649878	-1.000000082240371e-09	1.2
22033.561338469135	1850	10.893026330552726	0.0	966699	4631.283756204031	-1.000000082240371e-09	1.2000000000000002
22036.27669812891	1200	12.177666670778546	0.0	581493	2715.3596597741803	-1.000000082240371e-09	0.5499999999999999
22041.452529953025	1850	11.00183484666094	0.0	987708	5175.831824117608	-1.000000082240371e-09	1.2000000000000002
22045.722286960627	1850	10.732077839057755	0.0	923755	4269.757007603184	-1.000000082240371e-09	1.85
22048.2636801821	1200	12.190684617587358	0.0	601738	2541.3932214703973	-1.000000082240371e-09	0.5499999999999999
22052.75594241739	1850	11.698422382299926	0.0	955231	4492.2622352874305	-1.000000082240371e-09	1.2000000000000002
22057.823309875246	1850	10.631054924439923	0.0	968026	5067.367457860003	-1.000000082240371e-09	1.85
22061.176420646385	1200	11.277944153300556	0.0	536667	3353.110771139366	-1.000000082240371e-09	0.5499999999999999
22065.800000420895	1850	10.654364378791268	0.0	897976	4623.579774509288	-1.000000082240371e-09	1.2000000000000002
22068.390896704615	1200	12.063468095072633	0.0	590335	2590.8962837186355	-1.000000082240371e-09	0.5499999999999999
22072.32405716371	1850	12.130307635976628	0.0	1076599	3933.160459096004	-1.000000082240371e-09	1.2000000000000002
22075.780097953142	1850	12.674266846545995	0.0	758197	3456.0407894306322	-1.000000082240371e-09	1.85
22080.788043949877	1850	11.666320849809493	0.0	972798	5007.945996736503	-1.000000082240371e-09	1.85
22088.03258504985	1850	8.421779749838054	0.0	975811	7244.5410999714395	-1.000000082240371e-09	1.85
22089.29332319072	750	11.16104160896691	0.0	358218	1260.7381408711424	-1.000000082240371e-09	-0.3500000000000001
22093.177037709174	1850	11.2773270905128	0.0	954453	3883.7145184541087	-1.000000082240371e-09	0.75
22098.453653404362	1850	10.000711395321996	0.0	885062	5276.615695190805	-1.000000082240371e-09	1.85
22102.11461635733	1200	10.339748442354209	0.0	670129	3660.9629529677886	-1.000000082240371e-09	0.5499999999999999
22105.6210804952	1200	10.83328430448776	0.0	690253	3506.464137866447	-1.000000082240371e-09	1.2
22108.05736117526	1200	12.397003624426965	0.0	598727	2436.280680060796	-1.000000082240371e-09	1.2
22111.28493836712	1850	13.169426432562275	0.0	728962	3227.57719186469	-1.000000082240371e-09	1.2000000000000002
22121.565032363585	2850	6.88933243609743	0.0	1499009	10280.093996464846	-1.000000082240371e-09	1.85
22123.063813337736	300	9.390551461947341	0.0	144254	1498.7809741500873	-1.000000082240371e-09	-2.25
22125.469460813976	1200	10.984903985705143	0.0	587506	2405.647476242198	-1.000000082240371e-09	0.29999999999999993
22128.738437594224	1200	11.71592720545864	0.0	566904	3268.976780246502	-1.000000082240371e-09	1.2
22133.5186978909	1850	10.935666908781641	0.0	1025005	4780.260296677	-1.000000082240371e-09	1.2000000000000002
22136.977185708532	1200	11.477179091147027	0.0	599477	3458.487817634614	-1.000000082240371e-09	0.5499999999999999
22143.366114440294	1850	9.088250359383391	0.0	973972	6388.928731763635	-1.000000082240371e-09	1.2000000000000002
22145.694790741607	1200	10.759574058071783	0.0	630203	2328.676301311608	-1.000000082240371e-09	0.5499999999999999
22149.286132845024	1200	11.16823195465877	0.0	638661	3591.3421034130133	-1.000000082240371e-09	1.2
22152.92152308304	1850	11.532841716636396	0.0	830730	3635.390238022373	-1.000000082240371e-09	1.2000000000000002
22156.66060815052	1850	11.793756649157764	0.0	846370	3739.0850674786334	-1.000000082240371e-09	1.85

