23077.378689222933	750	4.0	4.997202366246414	450283	4997.202366246414	-1.000000082240371e-09	-20.73797017485958
23079.53205097322	300	5.846638249714482	0.0	155580	2153.3617502855177	-1.000000082240371e-09	-0.15000000000000002
23082.65020308671	300	6.728486136226441	0.0	139857	3118.1521134880413	-1.000000082240371e-09	0.3
23087.021819843085	300	6.35686937985117	0.0	155432	4371.6167563752715	-1.000000082240371e-09	0.3
23091.450042334156	300	5.928646888778943	0.0	163442	4428.222491072226	-1.000000082240371e-09	0.3
23094.501399374185	300	6.877289848750208	0.0	126289	3051.3570400287354	-1.000000082240371e-09	0.3
23097.122779543537	300	8.255909679394989	0.0	153295	2621.38016935522	-1.000000082240371e-09	0.3
23101.25955092182	750	8.119138301112214	0.0	437162	4136.771378282775	-1.000000082240371e-09	0.3
23104.63413972249	750	8.744549500443197	0.0	374758	3374.588800669015	-1.000000082240371e-09	0.75
23107.602566316524	750	9.776122906409157	0.0	362795	2968.4265940340406	-1.000000082240371e-09	0.75
23112.19275409754	1200	9.185935125391	0.0	607410	4590.187781018157	-1.000000082240371e-09	0.75
23116.070278348598	1200	9.308410874330612	0.0	594078	3877.524251060387	-1.000000082240371e-09	1.2
23119.016962851816	1200	10.361726371114237	0.0	624282	2946.6845032163756	-1.000000082240371e-09	1.2
23122.457505352024	1200	10.92118387090385	0.0	687371	3440.542500210387	-1.000000082240371e-09	1.2
23125.09867693559	1200	12.280012287338558	0.0	526950	2641.1715835652926	-1.000000082240371e-09	1.2
23131.448098725177	1850	9.930590497752979	0.0	923170	6349.421789585578	-1.000000082240371e-09	1.2000000000000002
23136.068239587017	1200	9.310449635915749	0.0	617242	4620.14086183723	-1.000000082240371e-09	0.5499999999999999
23140.217484084245	1200	9.161205138687011	0.0	581493	4149.2444972287385	-1.000000082240371e-09	1.2
23144.6720745647	1200	8.706614658233226	0.0	639204	4454.590480453787	-1.000000082240371e-09	1.2
23148.95748411936	750	8.421205103571891	0.0	350713	4285.409554661335	-1.000000082240371e-09	0.3
23155.002632507414	750	6.376056715517418	0.0	386472	6045.148388054473	-1.000000082240371e-09	0.75
23157.603368084416	300	7.775321138515513	0.0	157812	2600.735577001905	-1.000000082240371e-09	-0.15000000000000002
23165.26993964333	750	4.108749579601066	0.0	401853	7666.5715589144465	-1.000000082240371e-09	0.3
23168.659805413015	300	4.7188838099167585	0.0	137654	3389.865769684308	-1.000000082240371e-09	-0.15000000000000002
23172.250975775984	300	5.127713446947033	0.0	146754	3591.1703629697254	-1.000000082240371e-09	0.3
23175.732921539773	300	5.645767683158505	0.0	153938	3481.945763788528	-1.000000082240371e-09	0.3
23178.766223551713	300	6.612465671217227	0.0	181901	3033.302011941278	-1.000000082240371e-09	0.3
23180.891087029748	300	8.487602193180814	0.0	111155	2124.8634780364146	-1.000000082240371e-09	0.3
23190.388580554016	750	4.0	1.0098913310876851	400396	9497.493524268499	-1.000000082240371e-09	-4.042532723677046
23193.746060608013	300	4.6425199460030075	0.0	149029	3357.4800539969933	-1.000000082240371e-09	-0.15000000000000002
23196.618533053985	300	5.77004750003594	0.0	157421	2872.472445967068	-1.000000082240371e-09	0.3
23198.900473646747	300	7.488106907273739	0.0	157488	2281.9405927622006	-1.000000082240371e-09	0.3
23204.038049179217	750	6.350531374802559	0.0	369834	5137.57553247118	-1.000000082240371e-09	0.3
23205.92552139356	300	8.463059160456162	0.0	163444	1887.4722143463978	-1.000000082240371e-09	-0.15000000000000002
23210.36780702812	750	8.020773525897548	0.0	401088	4442.285634558614	-1.000000082240371e-09	0.3
23215.735550681613	750	6.6530298724013015	0.0	365161	5367.743653496245	-1.000000082240371e-09	0.75
23218.464377019038	300	7.924203534977645	0.0	131610	2728.8263374236562	-1.000000082240371e-09	-0.15000000000000002
23222.712674245755	750	7.6759063082564545	0.0	361565	4248.297226721191	-1.000000082240371e-09	0.3
23225.181711823298	750	9.206868730716371	0.0	378327	2469.037577540084	-1.000000082240371e-09	0.75
23229.364659830702	1200	9.023920723312202	0.0	587506	4182.948007404169	-1.000000082240371e-09	0.75
23233.46899205979	1200	8.919588494223696	0.0	566904	4104.332229088506	-1.000000082240371e-09	1.2
23236.283705110047	750	10.104875443964819	0.0	384505	2814.713050258878	-1.000000082240371e-09	0.3
23242.57682601995	1200	7.811754534062734	0.0	599477	6293.120909902084	-1.000000082240371e-09	0.75
23246.520492294192	750	7.868088259820757	0.0	438281	3943.666274241976	-1.000000082240371e-09	0.3
23251.438509143085	750	6.950071410928444	0.0	398987	4918.016848892314	-1.000000082240371e-09	0.75
23253.536867599112	300	8.851712954903531	0.0	160064	2098.358456024913	-1.000000082240371e-09	-0.15000000000000002
23258.261981427237	750	8.126599126778391	0.0	331053	4725.11382812514	-1.000000082240371e-09	0.3
23261.161012056942	750	9.227568497073392	0.0	314107	2899.030629704998	-1.000000082240371e-09	0.75

