25149.2103924259	750	4.0	6.6911010369313795	450283	6691.10103693138	-1.000000082240371e-09	-28.021734458804932
25151.049454946202	300	6.160937479695716	0.0	155580	1839.0625203042848	-1.000000082240371e-09	-0.15000000000000002
25152.41847646754	300	8.791915958355675	0.0	139857	1369.0215213400395	-1.000000082240371e-09	0.3
25155.136447922745	750	10.073944503153923	0.0	382355	2717.9714552017517	-1.000000082240371e-09	0.3
25162.28917323378	1200	6.921219192114942	0.0	652874	7152.725311038981	-1.000000082240371e-09	0.75
25164.410931916023	300	8.799460509869759	0.0	126289	2121.7586822451835	-1.000000082240371e-09	-0.6000000000000001
25173.451991319154	750	4.0	0.2415988932575674	352642	9041.059403127327	-1.000000082240371e-09	-0.7388752410075397
25177.70843374114	300	4.0	0.2564424219876446	173849	4256.442421987645	-1.000000082240371e-09	-1.2527024145468717
25182.884005771946	300	4.0	1.175572030806822	150710	5175.572030806822	-1.000000082240371e-09	-4.7549597324693345
25187.749802986073	300	4.0	0.8657972141285408	139105	4865.797214128541	-1.000000082240371e-09	-3.4229280207527255
25191.564657410836	300	4.185145575235331	0.0	141840	3814.8544247646696	-1.000000082240371e-09	0.3
25195.954652090786	300	4.0	0.20484910471578588	156148	4389.994679951116	-1.000000082240371e-09	-0.5808511502778793
25199.765741899362	300	4.188910191425562	0.0	160746	3811.0898085744375	-1.000000082240371e-09	0.3
25203.10072485255	300	4.853927238237896	0.0	179801	3334.9829531876667	-1.000000082240371e-09	0.3
25205.43217573549	300	6.522476355299775	0.0	140051	2331.450882938121	-1.000000082240371e-09	0.3
25207.86055641085	300	8.094095679934087	0.0	138313	2428.3806753656877	-1.000000082240371e-09	0.3
25216.496811890705	750	4.0	0.5421597999192709	360831	8636.255479853358	-1.000000082240371e-09	-2.0312871396528647
25217.90160944316	300	6.595202447543974	0.0	150616	1404.7975524560256	-1.000000082240371e-09	-0.15000000000000002
25219.12107005612	300	9.375741834585192	0.0	165384	1219.460612958782	-1.000000082240371e-09	0.3
25222.881574518342	1200	9.615237372365096	0.0	586839	3760.504462220095	-1.000000082240371e-09	0.29999999999999993
25226.493007469257	1200	10.003804421450132	0.0	601738	3611.4329509149657	-1.000000082240371e-09	1.2
25230.690813199817	1200	9.805998690888268	0.0	616206	4197.805730561865	-1.000000082240371e-09	1.2
25235.344489777166	1200	9.152322113539062	0.0	656471	4653.676577349204	-1.000000082240371e-09	1.2
25238.397016659783	1200	10.099795230923466	0.0	536667	3052.5268826155975	-1.000000082240371e-09	1.2
25241.776540863295	1200	10.72027102741166	0.0	587236	3379.5242035118044	-1.000000082240371e-09	1.2
25245.301957318203	1200	11.194854572505083	0.0	590335	3525.4164549065786	-1.000000082240371e-09	1.2
25250.82450928404	1850	9.672302606666781	0.0	1076599	5522.551965838302	-1.000000082240371e-09	1.2000000000000002
25253.339061751158	1200	11.157750139551148	0.0	487160	2514.552467115632	-1.000000082240371e-09	0.5499999999999999
25259.140289441722	1850	9.35652244898532	0.0	972798	5801.227690565826	-1.000000082240371e-09	1.2000000000000002
25263.888494845338	1200	8.608317045370278	0.0	641447	4748.205403615044	-1.000000082240371e-09	0.5499999999999999
25267.609694203456	750	8.887117687252506	0.0	358218	3721.1993581177726	-1.000000082240371e-09	0.3
25270.5614960976	750	9.935315793105703	0.0	400322	2951.8018941468026	-1.000000082240371e-09	0.75
25273.77110965115	1200	10.725702239561167	0.0	584349	3209.613553544535	-1.000000082240371e-09	0.75
25277.542626305763	1200	10.954185584947448	0.0	670129	3771.5166546137207	-1.000000082240371e-09	1.2
25281.66878450474	1200	10.828027385968223	0.0	690253	4126.158198979223	-1.000000082240371e-09	1.2
25286.254943463984	1200	10.241868426723709	0.0	598727	4586.158959244514	-1.000000082240371e-09	1.2
25289.241999777558	1200	11.254812113149317	0.0	487812	2987.0563135743914	-1.000000082240371e-09	1.2
25294.29279664561	1850	10.20401524509603	0.0	938587	5050.796868053286	-1.000000082240371e-09	1.2000000000000002
25298.399475121565	1200	10.097336769143133	0.0	605884	4106.6784759528955	-1.000000082240371e-09	0.5499999999999999
25302.328949540428	1200	10.167862350280824	0.0	587506	3929.47441886231	-1.000000082240371e-09	1.2
25305.573689083012	1200	10.923122807697602	0.0	566904	3244.739542583222	-1.000000082240371e-09	1.2
25309.184363474575	1200	11.312448416137856	0.0	641452	3610.6743915597444	-1.000000082240371e-09	1.2
25316.4598754361	1850	8.036936454609071	0.0	886255	7275.511961528785	-1.000000082240371e-09	1.2000000000000002
25320.086272601533	750	8.410539289177514	0.0	438281	3626.3971654315587	-1.000000082240371e-09	-0.3500000000000001
25322.749302446817	750	9.747509443895698	0.0	398987	2663.0298452818147	-1.000000082240371e-09	0.75
25326.61452011768	1200	9.88229177303212	0.0	638661	3865.217670863579	-1.000000082240371e-09	0.75
25330.943630453272	1200	9.553181437440621	0.0	538612	4329.110335591501	-1.000000082240371e-09	1.2
25335.066839107614	1200	9.429972783100048	0.0	550906	4123.208654340573	-1.000000082240371e-09	1.2

