12063.670202170744	750	4.0	3.704434403261277	450283	3704.4344032612767	-1.000000082240371e-09	-15.17906793402349
12064.842519798007	300	6.827682372737972	0.0	155580	1172.3176272620274	-1.000000082240371e-09	-0.15000000000000002
12065.658983180892	300	10.011218989852685	0.0	139857	816.4633828852868	-1.000000082240371e-09	0.3
12068.95643980276	1200	10.713762367983545	0.0	617681	3297.45662186914	-1.000000082240371e-09	0.29999999999999993
12072.509867370027	1200	11.160334800717045	0.0	652874	3553.4275672664985	-1.000000082240371e-09	1.2
12077.384045925355	1850	10.286156245388886	0.0	801058	4874.178555328161	-1.000000082240371e-09	1.2000000000000002
12081.091224317042	1200	10.578977853701195	0.0	561791	3707.17839168769	-1.000000082240371e-09	0.5499999999999999
12085.178951620677	1200	10.491250550065027	0.0	709534	4087.727303636167	-1.000000082240371e-09	1.2
12088.14436217295	1200	11.525839997792703	0.0	584846	2965.4105522723235	-1.000000082240371e-09	1.2
12093.202627744193	1850	10.467574426550703	0.0	913888	5058.265571242	-1.000000082240371e-09	1.2000000000000002
12096.126471683536	1200	11.543730487207474	0.0	607410	2923.8439393432295	-1.000000082240371e-09	0.5499999999999999
12100.178142898252	1850	11.492059272491822	0.0	917428	4051.6712147156522	-1.000000082240371e-09	1.2000000000000002
12104.15413038458	1850	11.516071786162632	0.0	946851	3975.9874863291893	-1.000000082240371e-09	1.85
12108.29935329276	1850	11.370848877983697	0.0	1036454	4145.2229081789355	-1.000000082240371e-09	1.85
12111.477399193289	1850	12.192802977454493	0.0	821631	3178.0459005292055	-1.000000082240371e-09	1.85
12115.436734023817	1850	12.233468146926112	0.0	923170	3959.3348305283807	-1.000000082240371e-09	1.85
12118.761790171102	1850	12.908411999641466	0.0	966699	3325.0561472846452	-1.000000082240371e-09	1.85
12121.793267638239	1850	13.876934532505558	0.0	885714	3031.4774671359082	-1.000000082240371e-09	1.85
12128.63187690082	2850	11.038325269923389	0.0	1537156	6838.60926258217	-1.000000082240371e-09	1.85
12133.340318782468	1850	10.329883388276128	0.0	923755	4708.44188164726	-1.000000082240371e-09	0.8500000000000001
12137.063114286042	1200	10.607087884700197	0.0	601738	3722.795503575931	-1.000000082240371e-09	0.5499999999999999
12140.144939905456	1200	11.525262265285129	0.0	616206	3081.8256194150686	-1.000000082240371e-09	1.2
12145.869991606456	1850	9.800210564286205	0.0	968026	5725.051700998923	-1.000000082240371e-09	1.2000000000000002
12148.163032187382	1200	11.50716998335891	0.0	536667	2293.0405809272947	-1.000000082240371e-09	0.5499999999999999
12152.703704093363	1850	10.966498077377652	0.0	897976	4540.6719059812585	-1.000000082240371e-09	1.2000000000000002
12156.818987728508	1200	10.85121444223236	0.0	590335	4115.283635145292	-1.000000082240371e-09	0.5499999999999999
12160.810280670905	1200	10.859921499835085	0.0	696376	3991.2929423972746	-1.000000082240371e-09	1.2
12163.324048452134	1200	12.34615371860634	0.0	487160	2513.7677812287466	-1.000000082240371e-09	1.2
12168.145854178067	1850	11.524347992671643	0.0	972798	4821.805725934697	-1.000000082240371e-09	1.2000000000000002
12173.175992681394	1850	10.4942094893459	0.0	975811	5030.138503325743	-1.000000082240371e-09	1.85
12176.270537841587	1200	11.3996643291534	0.0	570392	3094.545160192499	-1.000000082240371e-09	0.5499999999999999
12181.280841041746	1850	10.389361128994707	0.0	954453	5010.303200158692	-1.000000082240371e-09	1.2000000000000002
12184.376833471128	1200	11.293368699613504	0.0	584349	3095.9924293812032	-1.000000082240371e-09	0.5499999999999999
12188.314209914164	1850	11.355992256575458	0.0	1035329	3937.3764430380447	-1.000000082240371e-09	1.2000000000000002
12191.366597854942	1850	12.303604315798786	0.0	1026056	3052.387940776673	-1.000000082240371e-09	1.85
12194.645509445874	1850	13.024692724865943	0.0	943942	3278.9115909328434	-1.000000082240371e-09	1.85
12199.06530512201	2850	12.604897048729491	0.0	1139291	4419.795676136454	-1.000000082240371e-09	1.85
12201.656787794978	1850	14.013414375762215	0.0	938587	2591.482672967274	-1.000000082240371e-09	0.8500000000000001
12208.133605241397	2850	11.536596929342876	0.0	1427478	6476.817446419339	-1.000000082240371e-09	1.85
12212.239602124188	1850	11.430600046552591	0.0	930577	4105.996882790285	-1.000000082240371e-09	0.8500000000000001
12215.093292890688	1850	12.576909280053211	0.0	858450	2853.6907664993796	-1.000000082240371e-09	1.85
12218.701847880071	1850	12.96835429067074	0.0	1025005	3608.5549893824696	-1.000000082240371e-09	1.85
12225.483666127408	1850	10.186536043333737	0.0	886255	6781.818247337003	-1.000000082240371e-09	1.85
12229.227205634135	1200	10.442996536605792	0.0	634861	3743.539506727946	-1.000000082240371e-09	0.5499999999999999
12232.391546790695	1200	11.278655380047015	0.0	630203	3164.3411565587758	-1.000000082240371e-09	1.2
12237.385896867665	1850	10.284305303076817	0.0	982064	4994.350076970198	-1.000000082240371e-09	1.2000000000000002
12240.984266047491	1200	10.685936123251064	0.0	538612	3598.369179825754	-1.000000082240371e-09	0.5499999999999999
12245.296181526246	1200	10.374020644496612	0.0	550906	4311.915478754452	-1.000000082240371e-09	1.2

