2249.903982238192	750	4.0	2.100206826790785	450283	2100.2068267907853	-1.000000082240371e-09	-8.280889355200376
2250.96666798638	300	6.937314251812226	0.0	155580	1062.6857481877737	-1.000000082240371e-09	-0.15000000000000002
2251.8871689761477	300	10.016813262044606	0.0	139857	920.5009897676201	-1.000000082240371e-09	0.3
2255.3023003526623	1200	10.601681885530096	0.0	617681	3415.1313765145082	-1.000000082240371e-09	0.29999999999999993
2258.099786231068	1200	11.804196007124245	0.0	652874	2797.485878405852	-1.000000082240371e-09	1.2
2261.4567193334674	1850	12.447262904724857	0.0	801058	3356.9331023993877	-1.000000082240371e-09	1.2000000000000002
2265.866901470725	1850	12.037080767467183	0.0	905515	4410.182137257674	-1.000000082240371e-09	1.85
2270.856705753508	1850	11.047276484684652	0.0	1060487	4989.804282782532	-1.000000082240371e-09	1.85
2274.075334049673	1850	11.828648188519303	0.0	852833	3218.6282961653496	-1.000000082240371e-09	1.85
2277.2788132663522	1850	12.625168971840434	0.0	913888	3203.4792166788684	-1.000000082240371e-09	1.85
2280.4023963788313	1850	13.50158585936142	0.0	939819	3123.5831124790147	-1.000000082240371e-09	1.85
2286.9587253721966	2850	10.945256865996438	0.0	1519951	6556.328993364982	-1.000000082240371e-09	1.85
2289.665556686279	1200	12.238425551913629	0.0	624282	2706.831314082808	-1.000000082240371e-09	-0.44999999999999996
2294.18120249624	1850	11.722779741952937	0.0	1036454	4515.645809960691	-1.000000082240371e-09	1.2000000000000002
2297.954715667562	1850	11.949266570630774	0.0	821631	3773.513171322163	-1.000000082240371e-09	1.85
2301.072604273916	1850	12.831377964276491	0.0	923170	3117.888606354283	-1.000000082240371e-09	1.85
2305.6806396684146	1850	12.223342569777909	0.0	966699	4608.035394498582	-1.000000082240371e-09	1.85
2310.61652303768	1850	11.287459200512684	0.0	885714	4935.883369265227	-1.000000082240371e-09	1.85
2314.270449580496	1850	11.633532657696396	0.0	987708	3653.926542816287	-1.000000082240371e-09	1.85
2317.4015402140158	1850	12.502442024176942	0.0	923755	3131.0906335194536	-1.000000082240371e-09	1.85
2321.0816390178547	1850	12.822343220337935	0.0	891604	3680.098803839008	-1.000000082240371e-09	1.85
2325.2918814482787	1850	12.612100789914201	0.0	955231	4210.242430423731	-1.000000082240371e-09	1.85
2329.550652330171	1850	12.35332990802222	0.0	968026	4258.770881891982	-1.000000082240371e-09	1.85
2337.821691864008	1850	8.082290374185614	0.0	874175	8271.039533836605	-1.000000082240371e-09	1.85
2343.272752791749	750	6.63122944644409	0.0	359903	5451.060927741525	-1.000000082240371e-09	-0.3500000000000001
2345.7600885471766	300	8.143893691016494	0.0	153938	2487.3357554275967	-1.000000082240371e-09	-0.15000000000000002
2350.327669469705	750	7.576312768488036	0.0	425781	4567.580922528458	-1.000000082240371e-09	0.3
2352.350917548042	750	9.553064690151142	0.0	277716	2023.2480783368935	-1.000000082240371e-09	0.75
2355.7847566421565	1200	10.119225596036907	0.0	622896	3433.839094114236	-1.000000082240371e-09	0.75
2360.0058675363493	1200	9.898114701844014	0.0	641447	4221.110894192894	-1.000000082240371e-09	1.2
2363.2363376379044	1200	10.667644600288588	0.0	570392	3230.4701015554256	-1.000000082240371e-09	1.2
2365.7519749777794	1200	12.152007260413804	0.0	620283	2515.637339874783	-1.000000082240371e-09	1.2
2369.9622214010315	1850	11.941760837161558	0.0	885062	4210.246423252245	-1.000000082240371e-09	1.2000000000000002
2373.361739907487	1850	12.542242330706383	0.0	1035329	3399.5185064551742	-1.000000082240371e-09	1.85
2376.453147530239	1850	13.450834707954217	0.0	1026056	3091.4076227521673	-1.000000082240371e-09	1.85
2381.220555607102	2850	12.683426631091159	0.0	1439896	4767.408076863057	-1.000000082240371e-09	1.85
2383.935316067164	1850	13.968666171029906	0.0	728962	2714.760460061254	-1.000000082240371e-09	0.8500000000000001
2389.325893001899	2850	12.578089236294534	0.0	1499009	5390.57693473537	-1.000000082240371e-09	1.85
2393.3258825419052	1850	12.578099696288291	0.0	908665	3999.9895400062437	-1.000000082240371e-09	0.8500000000000001
2397.648590653668	1850	12.25539158452533	0.0	930577	4322.7081117629605	-1.000000082240371e-09	1.85
2401.2301732462247	1850	12.673808991968746	0.0	858450	3581.5825925565846	-1.000000082240371e-09	1.85
2405.318769800415	1850	12.585212437778598	0.0	1025005	4088.596554190148	-1.000000082240371e-09	1.85
2409.533976755705	1850	12.370005482487986	0.0	886255	4215.206955290612	-1.000000082240371e-09	1.85
2412.756559900643	1850	13.1474223375502	0.0	973972	3222.5831449377847	-1.000000082240371e-09	1.85
2418.6824938225323	2850	11.221488415661016	0.0	1464921	5925.9339218891855	-1.000000082240371e-09	1.85
2422.83470461175	1850	11.069277626442938	0.0	982064	4152.2107892180775	-1.000000082240371e-09	0.8500000000000001
2426.007488833419	1850	11.896493404774432	0.0	830730	3172.7842216685053	-1.000000082240371e-09	1.85
2429.247790327556	1850	12.656191910637357	0.0	846370	3240.301494137075	-1.000000082240371e-09	1.85

