4676.8977711721745	750	4.0	4.594934407378574	450283	4594.934407378574	0.6002498865127563	-19.008217951727868
4677.881233883659	300	7.016537288516239	0.0	155580	983.462711483761	0.004705176223069429	-0.15000000000000002
4679.001068094887	300	9.896703077287517	0.0	139857	1119.8342112287223	0.004705176223069429	0.3
4680.205031665434	300	12.692739506739828	0.0	155432	1203.9635705476885	0.005309865344315767	0.3
4681.7418073467925	300	15.155963825380816	0.0	163442	1536.7756813590127	0.19342593848705292	0.3
4683.94950181838	300	16.948269353794576	0.0	126289	2207.694471586241	0.5926369428634644	0.3
4685.819957643655	300	19.077813528520092	0.0	153295	1870.4558252744825	0.11393353343009949	0.3
4687.05729983546	300	21.840471336713733	0.0	173849	1237.3421918063561	0.46621403098106384	0.3
4690.958939769345	750	21.938831402828335	0.0	374758	3901.6399338853994	0.0831354409456253	0.3
4696.047568875524	750	20.85020229664927	0.0	362795	5088.6291061790635	0.00695741968229413	0.75
4701.633524666451	750	19.26424650572281	0.0	353220	5585.955790926462	0.008154487237334251	0.75
4710.243396100144	750	14.654375072029769	0.0	405134	8609.871433693042	0.25293558835983276	0.75
4712.045472054565	300	16.852299117608155	0.0	160746	1802.0759544216126	0.004705176223069429	-0.15000000000000002
4713.62651867012	300	19.271252502053223	0.0	179801	1581.0466155549339	0.008359793573617935	0.3
4714.840574060199	300	22.057197111975	0.0	140051	1214.0553900782222	0.2645314037799835	0.3
4717.986012836704	750	22.911758335469855	0.0	366214	3145.438776505146	0.3310244679450989	0.3
4721.379770496105	750	23.518000676068826	0.0	360831	3393.757659401027	0.004705176223069429	0.75
4726.133844591032	750	22.763926581141114	0.0	372963	4754.074094927713	0.004705176223069429	0.75
4730.221911594536	750	22.675859577637812	0.0	405596	4088.0670035033013	0.005194416269659996	0.75
4735.1719055269405	750	21.725865645233405	0.0	350713	4949.993932404412	0.004705176223069429	0.75
4746.21163377961	750	14.686137392564321	0.0	386472	11039.728252669083	0.004705176223069429	0.75
4750.773748503004	300	14.1240226691694	0.0	157812	4562.1147233949205	0.004705176223069429	-0.15000000000000002
4755.541537709126	300	13.356233463047277	0.0	163927	4767.7892061221255	0.004705176223069429	0.3
4759.96076759721	300	12.937003574963084	0.0	137654	4419.229888084192	0.004705176223069429	0.3
4762.8407280340425	300	14.057043138130458	0.0	146754	2879.960436832625	0.004705176223069429	0.3
4764.308286816622	300	16.589484355550844	0.0	153938	1467.558782579613	0.004705176223069429	0.3
4765.767262355729	300	19.13050881644356	0.0	181901	1458.9755391072863	0.004880853928625584	0.3
4766.703134455083	300	22.194636717089555	0.0	111155	935.8720993540032	0.2695755660533905	0.3
4770.023441289182	750	22.874329882989883	0.0	400396	3320.306834099669	0.5118595361709595	0.3
4774.685005994581	750	22.212765177592193	0.0	400508	4661.564705397692	0.004705176223069429	0.75
4778.292973413794	750	22.604797758378833	0.0	358218	3607.9674192133584	0.004705176223069429	0.75
4780.842128807041	750	24.05564236513268	0.0	400322	2549.155393246154	0.004705176223069429	0.75
4783.4236623795105	750	25.47410879266289	0.0	369834	2581.533572469791	0.025658927857875824	0.75
4786.141413538912	750	26.756357633261118	0.0	412837	2717.751159401772	0.12226328998804092	0.75
4788.739023312254	750	28.15874785991975	0.0	401088	2597.609773341368	0.5397971272468567	0.75
4792.7945015042	1200	28.103269667973894	0.0	598727	4055.478191945853	0.685576319694519	0.75
4795.896665355453	1200	29.001105816720678	0.0	487812	3102.1638512532136	0.005709630902856588	1.2
4799.436832977774	1200	29.460938194398285	0.0	575591	3540.167622322394	0.004705176223069429	1.2
4802.538914793824	1200	30.358856378349316	0.0	605884	3102.0818160489707	0.004705176223069429	1.2
4806.439778383849	1200	30.457992788324148	0.0	587506	3900.863590025167	0.01568230800330639	1.2
4810.357738671389	1200	30.540032500785237	0.0	566904	3917.9602875389082	0.01175374910235405	1.2
4814.728700004745	1200	30.16907116742825	0.0	641452	4370.961333356987	0.010097973048686981	1.2
4818.577092068544	1200	30.32067910362955	0.0	599477	3848.3920637987003	0.024482345208525658	1.2
4822.6318865354115	1200	30.265884636761516	0.0	634861	4054.794466868037	0.08113168179988861	1.2
4826.624910448641	1200	30.272860723533064	0.0	630203	3993.0239132284523	0.39731261134147644	1.2
4830.781007298464	1200	30.11676387371015	0.0	638661	4156.096849822917	0.6716735363006592	1.2
4838.211853240728	2850	26.685917931446347	0.0	1231456	7430.8459422638025	0.41659775376319885	1.2000000000000002
4847.747211668735	2850	21.150559503438203	0.0	1364537	9535.358428008145	0.004705176223069429	2.85

