3029.324646226165	750	4.0	2.1451274043719923	450283	2145.1274043719923	0.004705176223069429	-8.474047838799567
3031.3441232990913	750	5.9805229270739275	0.0	398865	2019.477072926073	0.3573129177093506	0.75
3036.6646511334957	750	4.65999509266922	0.0	350812	5320.527834404707	0.3522188663482666	0.75
3038.895784489586	300	6.42886173657925	0.0	155432	2231.133356089969	0.004705176223069429	-0.15000000000000002
3040.621516911092	300	8.703129315073515	0.0	163442	1725.7324215057363	0.004705176223069429	0.3
3041.7172122926636	300	11.607433933501447	0.0	126289	1095.6953815720676	0.004705176223069429	0.3
3043.003083990086	300	14.321562236079124	0.0	153295	1285.8716974223232	0.013578061945736408	0.3
3044.531420986956	300	16.79322523920906	0.0	173849	1528.3369968700665	0.3290179669857025	0.3
3045.747798261431	300	19.576847964733933	0.0	150710	1216.377274475127	0.6965470314025879	0.3
3049.0445311493654	750	20.28011507679928	0.0	362795	3296.7328879346524	0.2581649124622345	0.3
3052.2163058350393	750	21.108340391125253	0.0	353220	3171.7746856740278	0.0048669930547475815	0.75
3055.5503186379656	750	21.77432758819869	0.0	405134	3334.01280292656	0.00549440598115325	0.75
3058.7803331319133	750	22.544313094251105	0.0	386351	3230.014493947585	0.005666757933795452	0.75
3063.1697566765424	750	22.15488954962172	0.0	434409	4389.423544629383	0.006564456038177013	0.75
3066.07792645048	750	23.24671977568449	0.0	337059	2908.1697739372335	0.004705176223069429	0.75
3070.027065989337	750	23.29758023682701	0.0	366214	3949.139538857482	0.005205219611525536	0.75
3074.7013323488973	750	22.623313877267194	0.0	360831	4674.266359559817	0.004705176223069429	0.75
3078.1592323042737	750	23.1654139218907	0.0	372963	3457.899955376492	0.004705176223069429	0.75
3081.5694628262654	750	23.755183399898986	0.0	405596	3410.230521991715	0.004705176223069429	0.75
3084.1479838963287	750	25.17666232983588	0.0	350713	2578.521070063104	0.004705176223069429	0.75
3087.2433775191266	750	26.08126870703788	0.0	386472	3095.3936227980057	0.010252184234559536	0.75
3090.400515920659	750	26.924130305505212	0.0	399894	3157.138401532666	0.0071450951509177685	0.75
3093.5491335299307	750	27.77551269623354	0.0	401853	3148.617609271672	0.009836087934672832	0.75
3096.491747381603	750	28.832898844561512	0.0	343800	2942.6138516720284	0.013256286270916462	0.75
3099.3715706135813	750	29.95307561258302	0.0	359903	2879.823231978495	0.012797270901501179	0.75
3102.5231943254576	750	30.801451900707033	0.0	379700	3151.6237118759846	0.0380537211894989	0.75
3105.9161840783245	750	31.40846214783955	0.0	425781	3392.989752867485	0.040245190262794495	0.75
3108.083202049845	750	33.24144417631915	0.0	277716	2167.0179715204004	0.10856916010379791	0.75
3111.753407130728	750	33.57123909543595	0.0	400396	3670.205080883199	0.15997764468193054	0.75
3116.0220494903433	750	33.30259673582052	0.0	400508	4268.642359615432	0.06295081228017807	0.75
3119.593868195293	750	33.7307780308708	0.0	358218	3571.8187049497174	0.027911271899938583	0.75
3122.7782722281754	750	34.54637399798827	0.0	400322	3184.404032882532	0.032296016812324524	0.75
3124.9381105382445	750	36.3865356879193	0.0	369834	2159.8383100689657	0.2189595252275467	0.75
3129.9675018810426	1200	35.35714434512089	0.0	670129	5029.39134279841	0.4627968370914459	0.75
3135.024511853439	1200	34.30013437272474	0.0	690253	5057.0099723961475	0.00897777359932661	1.2
3139.7871904384256	1200	33.537455787738025	0.0	598727	4762.678584986713	0.0072877551428973675	1.2
3143.6515037368786	1200	33.673142489284736	0.0	487812	3864.3132984532926	0.006067250855267048	1.2
3148.630508969029	1200	32.694137257134436	0.0	575591	4979.005232150302	0.004705176223069429	1.2
3154.5033973085497	1200	30.82124891761362	0.0	605884	5872.888339520815	0.004705176223069429	1.2
3161.7917498353518	1200	27.532896390811395	0.0	587506	7288.352526802222	0.006802138406783342	1.2
3168.1125818400924	1200	25.21206438607121	0.0	566904	6320.832004740188	0.04484095796942711	1.2
3174.496522522497	1200	22.82812370366673	0.0	641452	6383.940682404478	0.04492456465959549	1.2
3182.084782898786	1200	19.239863327377858	0.0	599477	7588.260376288872	0.022103549912571907	1.2
3191.1706218348845	1200	14.154024391279615	0.0	634861	9085.838936098244	0.6567332744598389	1.2
3203.668725459114	750	5.655920767050485	0.0	398987	12498.103624229128	0.013975100591778755	0.3
3209.701079954505	300	4.0	0.3764337283405721	160064	6032.354495391058	0.004705176223069429	-1.76866503186446
3214.602818790717	300	4.0	0.9017388362114607	137507	4901.738836211461	0.004705176223069429	-3.5774769957092807
3218.228856331491	300	4.373962459225526	0.0	118421	3626.037540774474	0.004705176223069429	0.3

