1871.7300693130614	750	4.0	1.9680897620528024	450283	1968.0897620528024	-1.000000082240371e-09	-7.71278597682705
1872.537480831876	300	7.192588481185374	0.0	155580	807.4115188146266	-1.000000082240371e-09	-0.15000000000000002
1874.596386959663	750	9.133682353398427	0.0	350812	2058.906127786947	-1.000000082240371e-09	0.3
1877.0315039486516	1200	10.698565364410033	0.0	617681	2435.1169889883945	-1.000000082240371e-09	0.75
1879.2837383541018	1200	12.446330958959834	0.0	652874	2252.2344054501996	-1.000000082240371e-09	1.2
1881.91534159966	1850	13.814727713401581	0.0	801058	2631.603245558253	-1.000000082240371e-09	1.2000000000000002
1890.418277865086	2850	9.311791447975267	0.0	1388403	8502.936265426313	-1.000000082240371e-09	1.85
1898.96173887058	1200	4.768330442481578	0.0	709534	8543.46100549369	-1.000000082240371e-09	-0.44999999999999996
1899.8783054009375	300	7.851763912123974	0.0	150710	916.5665303576037	-1.000000082240371e-09	-0.6000000000000001
1901.30728305016	750	10.422786262901406	0.0	362795	1428.9776492225683	-1.000000082240371e-09	0.3
1903.7613751254298	1200	11.968694187631748	0.0	607410	2454.092075269659	-1.000000082240371e-09	0.75
1907.313063026448	1850	12.417006286613468	0.0	917428	3551.6879010182793	-1.000000082240371e-09	1.2000000000000002
1910.7814976354448	1850	12.948571677616652	0.0	946851	3468.4346089968176	-1.000000082240371e-09	1.85
1914.8375713732157	1850	12.892497939845867	0.0	1036454	4056.073737770785	-1.000000082240371e-09	1.85
1919.0943941391647	1850	12.635675173896841	0.0	821631	4256.822765949025	-1.000000082240371e-09	1.85
1926.160342392972	1850	9.569726920089266	0.0	923170	7065.948253807576	-1.000000082240371e-09	1.85
1929.8126336990024	1200	9.91743561405907	0.0	617242	3652.2913060301958	-1.000000082240371e-09	0.5499999999999999
1932.9658897397326	1200	10.764179573328946	0.0	581493	3153.256040730125	-1.000000082240371e-09	1.2
1936.6512459017545	1200	11.078823411307177	0.0	639204	3685.3561620217697	-1.000000082240371e-09	1.2
1940.469280881379	1850	11.260788431682407	0.0	923755	3818.034979624768	-1.000000082240371e-09	1.2000000000000002
1945.5823118506466	1850	10.147757462414647	0.0	891604	5113.03096926776	-1.000000082240371e-09	1.85
1947.9956322344763	1200	11.734437078585064	0.0	616206	2413.3203838295826	-1.000000082240371e-09	0.5499999999999999
1954.0358381816268	1850	9.694231131434488	0.0	968026	6040.205947150576	-1.000000082240371e-09	1.2000000000000002
1956.800727447294	1200	10.929341865767006	0.0	536667	2764.889265667482	-1.000000082240371e-09	0.5499999999999999
1959.8782025440103	1200	11.851866769050929	0.0	587236	3077.475096716078	-1.000000082240371e-09	1.2
1963.4408659924925	1850	12.289203320568733	0.0	905935	3562.6634484821952	-1.000000082240371e-09	1.2000000000000002
1969.655504044603	1850	10.074565268458228	0.0	1076599	6214.638052110505	-1.000000082240371e-09	1.85
1974.8706693470556	1200	8.859399966005935	0.0	487160	5215.165302452292	-1.000000082240371e-09	0.5499999999999999
1976.9304636361842	750	10.79960567687737	0.0	400396	2059.7942891285643	-1.000000082240371e-09	0.3
1980.5486466106513	1200	11.181422702410018	0.0	641447	3618.1829744673514	-1.000000082240371e-09	0.75
1984.3867411690276	1850	11.343328144033876	0.0	873429	3838.094558376142	-1.000000082240371e-09	1.2000000000000002
1991.552089368326	1850	8.177979944735318	0.0	954453	7165.348199298558	-1.000000082240371e-09	1.85
1993.489930046479	750	10.240139266582526	0.0	369834	1937.8406781527913	-1.000000082240371e-09	-0.3500000000000001
1996.4734221907738	1200	11.25664712228766	0.0	670129	2983.4921442948657	-1.000000082240371e-09	0.75
2000.859408486161	1850	10.870660826900377	0.0	1026056	4385.986295387284	-1.000000082240371e-09	1.2000000000000002
2004.2943850161607	1200	11.435684296900643	0.0	598727	3434.9765299997352	-1.000000082240371e-09	0.5499999999999999
2008.3118879402657	1850	11.418181372795694	0.0	728962	4017.502924104949	-1.000000082240371e-09	1.2000000000000002
2013.1129932872677	1850	10.617076025793823	0.0	938587	4801.1053470018705	-1.000000082240371e-09	1.85
2015.5395940281364	1200	12.19047528492509	0.0	605884	2426.6007408687324	-1.000000082240371e-09	0.5499999999999999
2018.8320794911258	1850	12.897989821935756	0.0	930577	3292.485462989335	-1.000000082240371e-09	1.2000000000000002
2023.468906402683	1850	12.261162910378712	0.0	858450	4636.826911557046	-1.000000082240371e-09	1.85
2028.0716116498947	1850	11.65845766316673	0.0	1025005	4602.705247211979	-1.000000082240371e-09	1.85
2031.644604998979	1850	12.08546431408253	0.0	886255	3572.993349084202	-1.000000082240371e-09	1.85
2035.8198782795828	1850	11.910191033478826	0.0	973972	4175.273280603704	-1.000000082240371e-09	1.85
2040.2725709070037	1850	11.457498406057969	0.0	958994	4452.692627420858	-1.000000082240371e-09	1.85
2044.1038970459895	1850	11.626172267072167	0.0	982064	3831.3261389858	-1.000000082240371e-09	1.85
2046.677549448344	1850	13.052519864717505	0.0	830730	2573.6524023546626	-1.000000082240371e-09	1.85
2051.0147455186257	2850	12.715323794436141	0.0	1364537	4337.196070281365	-1.000000082240371e-09	1.85

