21234.837183476448	750	4.0	5.775321338143219	450283	5775.321338143219	-1.000000082240371e-09	-24.08388175401584
21236.154343221315	300	6.682840255133825	0.0	155580	1317.159744866175	-1.000000082240371e-09	-0.15000000000000002
21237.271474751476	300	9.565708724972165	0.0	139857	1117.1315301616603	-1.000000082240371e-09	0.3
21242.233681495898	1200	8.60350198054996	0.0	617681	4962.206744422202	-1.000000082240371e-09	0.29999999999999993
21246.65447592167	750	8.182707554776806	0.0	411561	4420.794425773155	-1.000000082240371e-09	0.3
21249.931832708244	750	8.905350768203698	0.0	318564	3277.3567865731093	-1.000000082240371e-09	0.75
21252.785505819847	750	10.051677656601548	0.0	352642	2853.6731116021497	-1.000000082240371e-09	0.75
21260.02484718027	1200	6.8123362961776	0.0	709534	7239.341360423949	-1.000000082240371e-09	0.75
21261.129859294528	300	9.707324181921264	0.0	150710	1105.0121142563357	-1.000000082240371e-09	-0.6000000000000001
21265.993998604743	1200	8.843184871704013	0.0	560821	4864.139310217251	-1.000000082240371e-09	0.29999999999999993
21268.330944501533	750	10.506238974914872	0.0	353220	2336.94589678914	-1.000000082240371e-09	0.3
21274.19810133383	1200	8.639082142618186	0.0	594078	5867.156832296684	-1.000000082240371e-09	0.75
21281.486963175903	750	5.350220300545317	0.0	386351	7288.86184207287	-1.000000082240371e-09	0.3
21284.497647276767	300	6.339536199684242	0.0	179801	3010.6841008610745	-1.000000082240371e-09	-0.15000000000000002
21286.81343644505	300	8.023747031401262	0.0	140051	2315.789168282979	-1.000000082240371e-09	0.3
21290.571132407324	750	8.266051069129963	0.0	366214	3757.6959622713007	-1.000000082240371e-09	0.3
21295.28125670387	750	7.555926772581614	0.0	360831	4710.124296548348	-1.000000082240371e-09	0.75
21300.182682433668	750	6.654501042785526	0.0	372963	4901.4257297960885	-1.000000082240371e-09	0.75
21301.811168541884	300	9.026014934568021	0.0	165384	1628.4861082175028	-1.000000082240371e-09	-0.15000000000000002
21309.63898947688	1200	5.198193999576714	0.0	586839	7827.820934991309	-1.000000082240371e-09	0.29999999999999993
21311.31430697677	300	7.5228764996868565	0.0	157671	1675.317499889857	-1.000000082240371e-09	-0.6000000000000001
21315.971689436894	750	6.865494039562308	0.0	399894	4657.382460124549	-1.000000082240371e-09	0.3
21319.07023876391	300	7.766944712545208	0.0	163927	3098.5493270171005	-1.000000082240371e-09	-0.15000000000000002
21324.39680665441	750	6.440376822041393	0.0	343800	5326.567890503815	-1.000000082240371e-09	0.3
21326.609528483063	300	8.227654993390905	0.0	146754	2212.7218286504876	-1.000000082240371e-09	-0.15000000000000002
21332.840354254167	750	5.996829222287145	0.0	379700	6230.8257711037595	-1.000000082240371e-09	0.3
21335.604117791798	300	7.233065684655343	0.0	181901	2763.7635376318026	-1.000000082240371e-09	-0.15000000000000002
21339.78741168714	750	7.049771789314329	0.0	277716	4183.293895341014	-1.000000082240371e-09	0.3
21346.674422062013	750	4.162761414438707	0.0	400396	6887.010374875622	-1.000000082240371e-09	0.75
21348.83796830215	300	5.999215174302264	0.0	149029	2163.5462401364425	-1.000000082240371e-09	-0.15000000000000002
21351.00378350096	300	7.833399975487948	0.0	157421	2165.815198814317	-1.000000082240371e-09	0.3
21356.43904408766	750	6.398139388791308	0.0	400322	5435.26058669664	-1.000000082240371e-09	0.3
21358.825561784393	300	8.011621692057506	0.0	143881	2386.5176967338025	-1.000000082240371e-09	-0.15000000000000002
21364.002312592216	750	6.834870884236604	0.0	412837	5176.750807820902	-1.000000082240371e-09	0.3
21365.43982583147	300	9.397357644985084	0.0	179328	1437.513239251519	-1.000000082240371e-09	-0.15000000000000002
21371.091769868228	1200	7.745413608226597	0.0	598727	5651.9440367584875	-1.000000082240371e-09	0.29999999999999993
21376.00631790486	750	6.830865571595386	0.0	321064	4914.54803663121	-1.000000082240371e-09	0.3
21378.52759392814	300	8.30958954831644	0.0	124011	2521.2760232789456	-1.000000082240371e-09	-0.15000000000000002
21385.8213890827	750	5.015794393757292	0.0	378327	7293.795154559149	-1.000000082240371e-09	0.3
21387.417506854203	300	7.419676622254184	0.0	149991	1596.1177715031079	-1.000000082240371e-09	-0.15000000000000002
21390.524989430636	750	8.312194045819767	0.0	345516	3107.4825764344155	-1.000000082240371e-09	0.3
21394.556858741	750	8.2803247354571	0.0	384505	4031.869310362669	-1.000000082240371e-09	0.75
21400.17245394104	750	6.664729535416291	0.0	372093	5615.595200040808	-1.000000082240371e-09	0.75
21401.53405076675	300	9.303132709706151	0.0	172312	1361.5968257101408	-1.000000082240371e-09	-0.15000000000000002
21407.82212153843	1200	7.015061938028124	0.0	630203	6288.070771678027	-1.000000082240371e-09	0.29999999999999993
21411.587010445557	750	7.25017303090135	0.0	393804	3764.888907126774	-1.000000082240371e-09	0.3
21414.985218169593	750	7.851965306867881	0.0	331053	3398.2077240334693	-1.000000082240371e-09	0.75
21419.11295243822	750	7.724231038239249	0.0	314107	4127.734268628632	-1.000000082240371e-09	0.75

