9182.223293379104	750	4.0	4.948165992489615	450283	4948.165992489616	0.24365709722042084	-20.527113767705345
9183.630079185697	300	6.593214193405611	0.0	155580	1406.7858065943897	0.004705176223069429	-0.15000000000000002
9184.642723523564	300	9.580569855539265	0.0	139857	1012.6443378663465	0.004705176223069429	0.3
9185.79517359082	300	12.428119788285638	0.0	155432	1152.4500672536267	0.004705176223069429	0.3
9187.216172818811	300	15.007120560293167	0.0	163442	1420.9992279924695	0.12383253872394562	0.3
9188.488984408797	300	17.73430897030769	0.0	126289	1272.8115899854747	0.6426724195480347	0.3
9189.979250274393	300	20.244043104710872	0.0	153295	1490.2658655968185	0.6407673358917236	0.3
9194.17480219697	750	20.048491182134107	0.0	437162	4195.551922576765	0.48631781339645386	0.3
9200.388652176389	750	17.83464120271404	0.0	374758	6213.849979420067	0.004761078394949436	0.75
9203.527828256263	300	18.695465122840197	0.0	139105	3139.176079873844	0.6810599565505981	-0.15000000000000002
9204.965401637386	300	21.25789174171576	0.0	141840	1437.5733811244347	0.015061917714774609	0.3
9208.737930411671	750	21.485362967432263	0.0	405134	3772.528774283498	0.6950965523719788	0.3
9212.485494342478	750	21.73779903662505	0.0	386351	3747.563930807212	0.004705176223069429	0.75
9216.387362747511	750	21.835930631592262	0.0	434409	3901.868405032786	0.004705176223069429	0.75
9219.539211327161	750	22.684082051941395	0.0	337059	3151.8485796508676	0.004705176223069429	0.75
9224.207512052031	750	22.01578132707253	0.0	366214	4668.300724868862	0.004705176223069429	0.75
9229.044395126477	750	21.17889825262751	0.0	360831	4836.883074445025	0.004808513913303614	0.75
9235.560412731465	750	18.662880647639557	0.0	372963	6516.017604987949	0.005727771203964949	0.75
9239.032437726335	750	19.190855652768462	0.0	405596	3472.024994871097	0.5619259476661682	0.75
9241.601387224604	750	20.621906154501332	0.0	350713	2568.9494982671304	0.004710737150162458	0.75
9244.354761641902	750	21.868531737204453	0.0	386472	2753.374417296881	0.004705176223069429	0.75
9248.305307027218	750	21.917986351886768	0.0	399894	3950.5453853176828	0.0063338992185890675	0.75
9251.662199703693	750	22.561093675412998	0.0	401853	3356.892676473771	0.004705176223069429	0.75
9255.105555364373	750	23.117738014733913	0.0	343800	3443.3556606790858	0.004705176223069429	0.75
9258.935014985007	750	23.288278394100256	0.0	359903	3829.4596206336573	0.004705176223069429	0.75
9262.826897363497	750	23.39639601560869	0.0	379700	3891.882378491567	0.004705176223069429	0.75
9268.100041213545	750	22.123252165560302	0.0	425781	5273.14385004839	0.004705176223069429	0.75
9272.26730890725	750	21.955984471855846	0.0	277716	4167.267693704455	0.004705176223069429	0.75
9277.623974974249	750	20.599318404857144	0.0	400396	5356.666066998701	0.004705176223069429	0.75
9286.064115301566	750	16.159178077539394	0.0	400508	8440.140327317748	0.005350250750780106	0.75
9287.594387396977	300	18.628905982128714	0.0	157421	1530.2720954106812	0.012822499498724937	-0.15000000000000002
9289.311669088389	300	20.911624290714666	0.0	157488	1717.2816914140499	0.49785909056663513	0.3
9292.790238337024	750	21.433055042082085	0.0	369834	3478.5692486325834	0.6115912795066833	0.3
9296.269226387398	750	21.954066991707602	0.0	412837	3478.9880503744844	0.004705176223069429	0.75
9299.720257735733	750	22.50303564337214	0.0	401088	3451.031348335462	0.004705176223069429	0.75
9302.804048833972	750	23.419244545133946	0.0	365161	3083.7910982381964	0.00474369153380394	0.75
9305.263617873097	750	24.95967550600938	0.0	321064	2459.569039124565	0.029302867129445076	0.75
9307.868764865527	750	26.354528513578494	0.0	361565	2605.146992430884	0.10597573965787888	0.75
9310.759775665738	750	27.46351771336825	0.0	378327	2891.010800210241	0.6901900172233582	0.75
9314.620899860083	1200	27.602393519021014	0.0	587506	3861.1241943472373	0.5392744541168213	0.75
9318.718010960582	1200	27.50528241852521	0.0	566904	4097.111100495802	0.004705176223069429	1.2
9323.159701147915	1200	27.063592231190654	0.0	641452	4441.690187334554	0.004705176223069429	1.2
9327.19525008915	1200	27.028043289957008	0.0	599477	4035.548941233645	0.004705176223069429	1.2
9331.854192472247	1200	26.36910090685938	0.0	634861	4658.942383097627	0.005485668312758207	1.2
9336.179612457096	1200	26.043680922012275	0.0	630203	4325.419984847108	0.007234498392790556	1.2
9341.018458759161	1200	25.20483461994661	0.0	638661	4838.8463020656645	0.024622485041618347	1.2
9346.066898752602	1200	24.156394626504767	0.0	538612	5048.439993441843	0.046951502561569214	1.2
9351.27702586392	1200	22.946267515187987	0.0	550906	5210.127111316778	0.014851627871394157	1.2

