15278.620618221801	750	4.0	4.034106319630938	450283	4034.106319630938	0.6340250968933105	-16.596657174413032
15279.736919560488	300	6.883698661312633	0.0	155580	1116.3013386873674	0.004705176223069429	-0.15000000000000002
15280.743456169152	300	9.877162052650885	0.0	139857	1006.5366086617488	0.004705176223069429	0.3
15281.701882217234	300	12.918736004566787	0.0	155432	958.4260480840993	0.009115543216466904	0.3
15282.505990316373	300	16.114627905428325	0.0	163442	804.1080991384632	0.6864020228385925	0.3
15284.380818299163	750	18.23979992263742	0.0	318564	1874.827982790905	0.11121294647455215	0.3
15287.622385414536	750	18.998232807264934	0.0	352642	3241.5671153724893	0.6050674319267273	0.75
15290.120173855868	750	20.50044436593054	0.0	437162	2497.788441334391	0.02504482865333557	0.75
15292.033497230095	750	22.587120991704744	0.0	374758	1913.3233742257933	0.47562187910079956	0.75
15294.699761079188	1200	23.920857142612803	0.0	560821	2666.263849091941	0.47376736998558044	0.75
15298.606642230401	1200	24.013975991399896	0.0	607410	3906.8811512129078	0.004705176223069429	1.2
15302.214349246324	1200	24.40626897547813	0.0	594078	3607.7070159217665	0.008119904436171055	1.2
15304.577171733572	1200	26.043446488229282	0.0	624282	2362.8224872488495	0.011071055196225643	1.2
15306.702089661232	1200	27.9185285605693	0.0	687371	2124.9179276599807	0.004705176223069429	1.2
15308.659297874348	1200	29.961320347453213	0.0	526950	1957.2082131160876	0.004705176223069429	1.2
15310.968734918108	1200	31.651883303692852	0.0	587876	2309.4370437603598	0.004832859616726637	1.2
15313.565321643797	1200	33.05529657800349	0.0	617242	2596.5867256893566	0.005236288066953421	1.2
15315.846536461107	1200	34.774081760694216	0.0	581493	2281.21481730928	0.0061409967020154	1.2
15318.468510519977	1200	36.1521077018249	0.0	639204	2621.974058869307	0.011230635456740856	1.2
15320.708316905653	1200	37.912301316149666	0.0	586839	2239.8063856752406	0.027658818289637566	1.2
15324.058966399298	1200	38.5616518225056	0.0	601738	3350.649493644056	0.19361625611782074	1.2
15328.88378951213	1200	37.73682870967216	0.0	616206	4824.8231128334455	0.016729649156332016	1.2
15331.370749460108	1200	39.24986876169773	0.0	656471	2486.9599479744284	0.004705176223069429	1.2
15333.56014505415	1200	41.06047316765341	0.0	536667	2189.3955940443193	0.030998116359114647	1.2
15335.653648217232	1200	42.96697000457063	0.0	587236	2093.5031630827793	0.1247335895895958	1.2
15343.434483450623	2850	39.1861347711805	0.0	1480464	7780.835233390137	0.6494829058647156	1.2000000000000002
15349.593218464817	2850	37.02739975698549	0.0	1547572	6158.735014195007	0.004705176223069429	2.85
15354.108106991815	2850	36.51251122998806	0.0	1141971	4514.888526997435	0.004705176223069429	2.85
15358.325352765878	2850	36.2952654559244	0.0	1498470	4217.245774063654	0.004705176223069429	2.85
15362.391815785262	2850	36.22880243653992	0.0	1561263	4066.4630193844805	0.004705176223069429	2.85
15366.959227897603	2850	35.66139032419976	0.0	1341201	4567.412112340172	0.004705176223069429	2.85
15371.210119040854	2850	35.41049918094817	0.0	1497683	4250.891143251584	0.004705176223069429	2.85
15374.275608687249	2850	36.34500953455524	0.0	1358081	3065.4896463929354	0.004705176223069429	2.85
15377.545705727733	2850	37.07491249407089	0.0	1587293	3270.097040484355	0.004705176223069429	2.85
15380.453920079774	2850	38.16669814202899	0.0	1492672	2908.2143520418977	0.00727070402354002	2.85
15383.930210512275	2850	38.69040770952683	0.0	1439896	3476.2904325021573	0.10506503283977509	2.85
15386.26608453925	2850	40.35453368255202	0.0	1139291	2335.874026974819	0.4441852271556854	2.85
15395.654161772578	4300	34.96645644922437	0.0	2147467	9388.077233327647	0.6426270008087158	2.8499999999999996
15402.806244856158	4300	31.81437336564359	0.0	2133870	7152.083083580775	0.3736088275909424	4.3
15407.63658823428	4300	30.984029987523076	0.0	2146120	4830.343378120513	0.021703381091356277	4.3
15412.60506536387	4300	30.01555285793214	0.0	2108491	4968.477129590937	0.004705176223069429	4.3
15418.225971768508	4300	28.39464645329527	0.0	2184571	5620.906404636869	0.004705176223069429	4.3
15424.922171137649	4300	25.69844708415479	0.0	2121928	6696.199369140484	0.004705176223069429	4.3
15433.932689216797	4300	20.687929005004623	0.0	2219102	9010.518079150166	0.008554097265005112	4.3
15441.472105357261	4300	17.14851286454199	0.0	2124950	7539.416140462632	0.5117112994194031	4.3
15450.885647689714	4300	11.734970532087921	0.0	2246506	9413.54233245407	0.5661250352859497	4.3
15457.370489576055	2850	9.250128645747576	0.0	1231456	6484.841886340345	0.0077598318457603455	1.4000000000000001
15468.496428953955	2850	4.0	1.8758107321520348	1364537	11125.939377899611	0.006696376949548721	-5.21598614825375

