9063.848875563572	750	4.0	4.277909780182569	450283	4277.909780182569	-1.000000082240371e-09	-17.64501205478505
9065.097861863687	300	6.75101369988408	0.0	155580	1248.98630011592	-1.000000082240371e-09	-0.15000000000000002
9066.642333536543	300	9.206542027029297	0.0	139857	1544.4716728547828	-1.000000082240371e-09	0.3
9072.501152070818	1200	7.347723492754165	0.0	617681	5858.818534275131	-1.000000082240371e-09	0.29999999999999993
9075.507631210205	750	8.341244353368474	0.0	411561	3006.4791393856904	-1.000000082240371e-09	0.3
9077.444431526766	750	10.40444403680526	0.0	318564	1936.8003165632133	-1.000000082240371e-09	0.75
9079.925064746805	1200	11.923810816767109	0.0	561791	2480.6332200381507	-1.000000082240371e-09	0.75
9084.136224351025	1850	11.712651212547238	0.0	1060487	4211.159604219871	-1.000000082240371e-09	1.2000000000000002
9088.523673260868	1850	11.32520230270312	0.0	852833	4387.448909844116	-1.000000082240371e-09	1.85
9092.711995363981	1850	11.136880199589566	0.0	913888	4188.3221031135545	-1.000000082240371e-09	1.85
9096.53857223795	1850	11.31030332562059	0.0	939819	3826.5768739689765	-1.000000082240371e-09	1.85
9100.691439627019	1850	11.157435936553133	0.0	917428	4152.867389067456	-1.000000082240371e-09	1.85
9104.50495088577	1850	11.343924677800365	0.0	946851	3813.511258752767	-1.000000082240371e-09	1.85
9108.065009223828	1850	11.783866339743174	0.0	1036454	3560.058338057191	-1.000000082240371e-09	1.85
9111.3142239148	1850	12.534651648770774	0.0	821631	3249.214690972399	-1.000000082240371e-09	1.85
9115.270611650776	1850	12.578263912794263	0.0	923170	3956.38773597651	-1.000000082240371e-09	1.85
9119.241285401537	1850	12.60759016203414	0.0	966699	3970.673750760123	-1.000000082240371e-09	1.85
9122.264319182286	1850	13.584556381284832	0.0	885714	3023.0337807493083	-1.000000082240371e-09	1.85
9126.508613154112	2850	13.340262409460163	0.0	1537156	4244.293971824669	-1.000000082240371e-09	1.85
9130.960193085839	2850	12.888682477733365	0.0	1336050	4451.579931726797	-1.000000082240371e-09	2.85
9133.99496276715	1850	13.853912796421136	0.0	891604	3034.7696813122297	-1.000000082240371e-09	0.8500000000000001
9138.704014245317	2850	13.144861318255163	0.0	1468126	4709.051478165974	-1.000000082240371e-09	1.85
9143.532930153953	2850	12.315945409619541	0.0	1505760	4828.915908635624	-1.000000082240371e-09	2.85
9146.396625729572	1850	13.452249834000318	0.0	874175	2863.695575619221	-1.000000082240371e-09	0.8500000000000001
9151.06201962981	2850	12.786855933762428	0.0	1383735	4665.393900237891	-1.000000082240371e-09	1.85
9155.430689588706	1850	12.418185974866667	0.0	905935	4368.669958895762	-1.000000082240371e-09	0.8500000000000001
9159.481243558861	1850	12.367632004709584	0.0	1076599	4050.5539701570815	-1.000000082240371e-09	1.85
9161.594608400528	1850	14.25426716304415	0.0	758197	2113.364841665436	-1.000000082240371e-09	1.85
9166.23199742999	2850	13.616878133581853	0.0	1498470	4637.389029462295	-1.000000082240371e-09	1.85
9172.026916485029	2850	11.821959078541907	0.0	1561263	5794.919055039945	-1.000000082240371e-09	2.85
9174.73674415914	1850	13.11213140443022	0.0	873429	2709.8276741116874	-1.000000082240371e-09	0.8500000000000001
9179.203004099447	2850	12.645871464121928	0.0	1497683	4466.259940308291	-1.000000082240371e-09	1.85
9182.32313333897	1850	13.525742224598856	0.0	885062	3120.129239523073	-1.000000082240371e-09	0.8500000000000001
9188.70311623847	2850	11.145759325099858	0.0	1587293	6379.9828994989975	-1.000000082240371e-09	1.85
9192.730377864107	1850	11.118497699461674	0.0	1026056	4027.261625638184	-1.000000082240371e-09	0.8500000000000001
9196.020083909785	1850	11.828791653783465	0.0	943942	3289.706045678208	-1.000000082240371e-09	1.85
9198.339076993749	1850	13.5097985698206	0.0	728962	2318.9930839628673	-1.000000082240371e-09	1.85
9205.071054720347	2850	10.777820843222212	0.0	1499009	6731.977726598387	-1.000000082240371e-09	1.85
9207.389371898204	1200	12.459503665365537	0.0	605884	2318.3171778566757	-1.000000082240371e-09	-0.44999999999999996
9210.709702193175	1850	13.139173370395605	0.0	930577	3320.3302949699323	-1.000000082240371e-09	1.2000000000000002
9214.765384154482	2850	13.08349140908811	0.0	1339500	4055.6819613074954	-1.000000082240371e-09	1.85
9220.214889235185	2850	11.63398632838442	0.0	1527299	5449.505080703689	-1.000000082240371e-09	2.85
9223.177376349482	1850	12.671499214087946	0.0	886255	2962.4871142964744	-1.000000082240371e-09	0.8500000000000001
9225.823757481816	1850	14.025118081755318	0.0	973972	2646.3811323326286	-1.000000082240371e-09	1.85
9230.795628929076	2850	13.053246634494757	0.0	1464921	4971.871447260561	-1.000000082240371e-09	1.85
9235.611479210216	2850	12.237396353355232	0.0	1483527	4815.850281139525	-1.000000082240371e-09	2.85
9238.247529463697	1850	13.601346099875126	0.0	830730	2636.050253480105	-1.000000082240371e-09	0.8500000000000001
9241.738766276761	2850	14.110109286811387	0.0	1364537	3491.23681306374	-1.000000082240371e-09	1.85

