12759.550876576643	750	4.0	1.1823497891980714	450283	1182.3497891980714	0.004705176223069429	-4.334104093551707
12761.07509566344	1200	6.475780913204564	0.0	611087	1524.2190867954364	0.029456667602062225	0.75
12762.672729853846	1200	8.878146722798801	0.0	571051	1597.6341904057629	0.004705176223069429	1.2
12764.132153259243	1200	11.418723317403025	0.0	617681	1459.4234053957775	0.004705176223069429	1.2
12765.711742274958	1200	13.839134301686892	0.0	652874	1579.5890157161325	0.004705176223069429	1.2
12766.950652441874	1200	16.600224134771203	0.0	520315	1238.9101669156867	0.004705176223069429	1.2
12768.301380467565	1200	19.24949610908193	0.0	561791	1350.728025689273	0.004705176223069429	1.2
12770.076503943503	1200	21.474372633143794	0.0	709534	1775.1234759381373	0.005750823765993118	1.2
12771.730358856012	1200	23.82051772063546	0.0	584846	1653.8549125083325	0.3051227033138275	1.2
12773.365043614502	1200	26.18583296214471	0.0	560821	1634.6847584907523	0.4221271872520447	1.2
12774.910688853317	1200	28.64018772332792	0.0	607410	1545.6452388167897	0.5403085350990295	1.2
12778.687291296814	2850	28.863585279831696	0.0	1519951	3776.602443496225	0.5731377005577087	1.2000000000000002
12782.154468662678	2850	29.396407913965234	0.0	1422919	3467.177365866461	0.004705176223069429	2.85
12787.408382586298	2850	28.14249399034525	0.0	1578343	5253.913923619984	0.004705176223069429	2.85
12790.603923925306	2850	28.946952651336904	0.0	1231445	3195.5413390083463	0.004705176223069429	2.85
12794.32128620488	2850	29.22959037176328	0.0	1471065	3717.362279573627	0.004705176223069429	2.85
12798.295770895167	2850	29.25510568147739	0.0	1491626	3974.4846902858917	0.004705176223069429	2.85
12802.10442183661	2850	29.44645474003457	0.0	1358801	3808.650941442816	0.004705176223069429	2.85
12806.464196370905	2850	29.086680205738	0.0	1537156	4359.7745342965745	0.004705176223069429	2.85
12809.465960373973	2850	30.084916202670687	0.0	1336050	3001.7640030673087	0.004705176223069429	2.85
12813.477767481278	2850	30.073109095367688	0.0	1415116	4011.807107303	0.004705176223069429	2.85
12817.390172677422	2850	30.160703899222003	0.0	1468126	3912.4051961456826	0.004705176223069429	2.85
12821.396011275732	2850	30.154865300910448	0.0	1505760	4005.838598311554	0.004705176223069429	2.85
12825.537917283755	2850	30.012959292887697	0.0	1323990	4141.906008022753	0.004705176223069429	2.85
12829.547154111964	2850	30.003722464678095	0.0	1383735	4009.2368282095986	0.004705176223069429	2.85
12832.7712539575	2850	30.779622619141826	0.0	1480464	3224.099845536272	0.004705176223069429	2.85
12836.241191387231	2850	31.309685189412658	0.0	1547572	3469.937429729167	0.004705176223069429	2.85
12839.005047081764	2850	32.54582949487905	0.0	1141971	2763.855694533611	0.005005285143852234	2.85
12842.716997249076	2850	32.83387932756728	0.0	1498470	3711.950167311773	0.004705176223069429	2.85
12846.289394299192	2850	33.26148227745069	0.0	1561263	3572.3970501165873	0.004705176223069429	2.85
12849.205278444932	2850	34.34559813171146	0.0	1341201	2915.884145739223	0.004826911725103855	2.85
12852.409335706801	2850	35.14154086984064	0.0	1497683	3204.05726187082	0.009146264754235744	2.85
12855.356148715695	2850	36.194727860947275	0.0	1358081	2946.8130088933594	0.03490067645907402	2.85
12859.680956463577	2850	35.8699201130652	0.0	1587293	4324.807747882076	0.06979800760746002	2.85
12864.655896525532	2850	34.89498005111067	0.0	1492672	4974.940061954525	0.01857997104525566	2.85
12870.975740094204	2850	32.57513648243862	0.0	1439896	6319.843568672049	0.00621813116595149	2.85
12875.767030234465	2850	31.78384634217705	0.0	1139291	4791.290140261574	0.004705176223069429	2.85
12880.797159299342	2850	30.75371727729994	0.0	1499009	5030.129064877108	0.004705176223069429	2.85
12884.94685706087	2850	30.604019515771014	0.0	1427478	4149.697761528925	0.004705176223069429	2.85
12890.83543161411	2850	28.71544496253034	0.0	1402287	5888.574553240673	0.0112483911216259	2.85
12895.758093966475	2850	27.792782610166032	0.0	1339500	4922.66235236431	0.004705176223069429	2.85
12902.857204611802	2850	24.693671964838753	0.0	1527299	7099.110645327279	0.004705176223069429	2.85
12907.331428875319	2850	24.219447701321734	0.0	1343002	4474.224263517019	0.004705176223069429	2.85
12912.341913858132	2850	23.208962718509163	0.0	1587250	5010.484982812569	0.004705176223069429	2.85
12916.08111994685	2850	23.469756629790737	0.0	1464921	3739.2060887184257	0.007174710743129253	2.85
12919.458765800047	2850	24.09211077659367	0.0	1483527	3377.6458531970634	0.20042692124843597	2.85
12924.336790318303	4300	23.214086258337648	0.0	1961140	4878.024518256026	0.24310633540153503	2.8499999999999996
12929.63045896431	4300	21.920417612332116	0.0	2155012	5293.668646005531	0.004705176223069429	4.3

