15993.448890889245	750	4.0	4.034106319630938	450283	4034.106319630938	-1.000000082240371e-09	-16.596657174413032
15994.565192227934	300	6.883698661312633	0.0	155580	1116.3013386873674	-1.000000082240371e-09	-0.15000000000000002
15995.571728836596	300	9.877162052650885	0.0	139857	1006.5366086617488	-1.000000082240371e-09	0.3
15998.914749794427	1200	10.534141094819798	0.0	617681	3343.0209578310855	-1.000000082240371e-09	0.29999999999999993
16003.83656538155	1200	9.612325507695687	0.0	652874	4921.815587124112	-1.000000082240371e-09	1.2
16006.566235522565	1200	10.882655366681545	0.0	520315	2729.6701410141422	-1.000000082240371e-09	1.2
16009.217662104256	1200	12.23122878498973	0.0	561791	2651.426581691817	-1.000000082240371e-09	1.2
16015.944026250385	1850	9.504864638862012	0.0	1060487	6726.3641461277175	-1.000000082240371e-09	1.2000000000000002
16018.427441885593	1200	11.021449003653846	0.0	584846	2483.415635208165	-1.000000082240371e-09	0.5499999999999999
16021.338012995144	1850	12.110877894102531	0.0	913888	2910.571109551316	-1.000000082240371e-09	1.2000000000000002
16024.876039809636	1850	12.572851079609725	0.0	939819	3538.0268144928054	-1.000000082240371e-09	1.85
16028.598939361116	1850	12.849951528130656	0.0	917428	3722.8995514790695	-1.000000082240371e-09	1.85
16032.399228985892	1850	13.049661903353364	0.0	946851	3800.2896247772915	-1.000000082240371e-09	1.85
16040.65776732316	2850	8.791123566085815	0.0	1578343	8258.53833726755	-1.000000082240371e-09	1.85
16043.14294289609	750	10.305947993157018	0.0	337059	2485.1755729287956	-1.000000082240371e-09	-1.35
16045.383469549228	1200	12.065421340018942	0.0	587876	2240.526653138076	-1.000000082240371e-09	0.75
16049.076488321323	1850	12.372402567923674	0.0	966699	3693.0187720952695	-1.000000082240371e-09	1.2000000000000002
16052.271380996663	1850	13.17750989258439	0.0	885714	3194.892675339285	-1.000000082240371e-09	1.85
16060.439195661882	2850	9.009695227364979	0.0	1537156	8167.81466521941	-1.000000082240371e-09	1.85
16062.974551820429	1200	10.474339068818331	0.0	586839	2535.3561585466473	-1.000000082240371e-09	-0.44999999999999996
16065.210331899036	1200	12.238558990211576	0.0	601738	2235.780078606756	-1.000000082240371e-09	1.2
16068.945396226329	1850	12.503494662919719	0.0	955231	3735.064327291856	-1.000000082240371e-09	1.2000000000000002
16071.91365125692	1850	13.535239632326872	0.0	968026	2968.2550305928453	-1.000000082240371e-09	1.85
16075.069878723738	2850	14.379012165509515	0.0	1323990	3156.2274668173573	-1.000000082240371e-09	1.85
16079.391291066904	2850	14.057599822344946	0.0	1383735	4321.412343164569	-1.000000082240371e-09	2.85
16083.941857895541	2850	13.507032993707272	0.0	1480464	4550.566828637676	-1.000000082240371e-09	2.85
16087.848423951162	2850	13.600466938087125	0.0	1547572	3906.5660556201456	-1.000000082240371e-09	2.85
16090.309122005538	2850	15.139768883711216	0.0	1141971	2460.698054375909	-1.000000082240371e-09	2.85
16094.447385414516	4300	15.001505474731799	0.0	2134614	4138.263408979417	-1.000000082240371e-09	2.8499999999999996
16099.532494952547	4300	13.916395936699566	0.0	2164140	5085.109538032233	-1.000000082240371e-09	4.3
16104.160554915325	2850	13.288335973923557	0.0	1341201	4628.059962776008	-1.000000082240371e-09	1.4000000000000001
16110.36812499845	2850	11.080765890799535	0.0	1497683	6207.57008312402	-1.000000082240371e-09	2.85
16114.154702951484	1850	11.294187937763962	0.0	885062	3786.577953035574	-1.000000082240371e-09	0.8500000000000001
16116.995842723309	1850	12.453048165939567	0.0	1035329	2841.139771824395	-1.000000082240371e-09	1.85
16119.079634707125	1850	14.369256182123204	0.0	1026056	2083.7919838163634	-1.000000082240371e-09	1.85
16122.62094801337	2850	14.82794287587834	0.0	1439896	3541.313306244862	-1.000000082240371e-09	1.85
16125.18126750132	2850	16.267623387926506	0.0	1139291	2560.3194879518364	-1.000000082240371e-09	2.85
16130.571712143103	4300	14.877178746144862	0.0	2147467	5390.444641781643	-1.000000082240371e-09	2.8499999999999996
16134.352203942373	2850	15.09668694687375	0.0	1427478	3780.491799271113	-1.000000082240371e-09	1.4000000000000001
16142.144302040626	4300	11.304588848622007	0.0	2146120	7792.098098251742	-1.000000082240371e-09	2.8499999999999996
16145.624490231665	1850	11.824400657582565	0.0	858450	3480.1881910394427	-1.000000082240371e-09	-0.6000000000000001
16149.663218301203	1850	11.785672588043585	0.0	1025005	4038.728069538978	-1.000000082240371e-09	1.85
16153.091775695731	1850	12.357115193514446	0.0	886255	3428.5573945291394	-1.000000082240371e-09	1.85
16156.346849862455	1850	13.102041026791081	0.0	973972	3255.0741667233647	-1.000000082240371e-09	1.85
16161.944682978452	2850	11.504207910793589	0.0	1464921	5597.833115997492	-1.000000082240371e-09	1.85
16167.073282334544	1850	10.37560855470105	0.0	982064	5128.59935609254	-1.000000082240371e-09	0.8500000000000001
16169.903359025559	1200	11.545531863686842	0.0	538612	2830.0766910142083	-1.000000082240371e-09	0.5499999999999999
16175.530479169684	1850	9.91841171956169	0.0	846370	5627.1201441251515	-1.000000082240371e-09	1.2000000000000002

