20657.7250976006	750	4.0	6.3928079957343495	450283	6392.80799573435	0.004705176223069429	-26.7390743816577
20658.79418521034	300	6.93091239026107	0.0	155580	1069.0876097389298	0.004705176223069429	-0.15000000000000002
20660.279959926826	300	9.445137673777062	0.0	139857	1485.7747164840077	0.004705176223069429	0.3
20662.32351928261	300	11.40157831799436	0.0	155432	2043.559355782702	0.004705176223069429	0.3
20664.359030136122	300	13.366067464480084	0.0	163442	2035.5108535142779	0.004705176223069429	0.3
20665.330338162035	300	16.39475943856815	0.0	126289	971.3080259119344	0.01178749743849039	0.3
20666.377347246995	300	19.347750353610195	0.0	153295	1047.009084957957	0.2788171172142029	0.3
20669.69192913665	750	20.033168463954485	0.0	437162	3314.581889655708	0.40507006645202637	0.3
20672.423497876753	750	21.301599723852792	0.0	374758	2731.568740101691	0.01340493094176054	0.75
20676.138430337804	750	21.586667262799896	0.0	362795	3714.932461052895	0.036492835730314255	0.75
20678.955965859685	750	22.769131740921914	0.0	353220	2817.535521877981	0.004705176223069429	0.75
20681.946122269386	750	23.77897533122337	0.0	405134	2990.1564096985453	0.007833010517060757	0.75
20684.730614421787	750	24.994483178817568	0.0	386351	2784.492152405802	0.016604943200945854	0.75
20688.471378804403	750	25.25371879620008	0.0	434409	3740.7643826174913	0.04319087415933609	0.75
20691.5679625206	750	26.157135080003336	0.0	337059	3096.5837161967415	0.016860496252775192	0.75
20694.08651347105	750	27.63858412955233	0.0	366214	2518.550950451006	0.008162906393408775	0.75
20696.139251449564	750	29.585846151043004	0.0	360831	2052.737978509328	0.047074273228645325	0.75
20698.062142413586	750	31.662955187019502	0.0	372963	1922.8909640235008	0.42348358035087585	0.75
20704.765494696836	1200	28.95960290376988	0.0	639204	6703.352283249624	0.41673317551612854	0.75
20708.79114715302	750	28.933950447587353	0.0	350713	4025.652456182524	0.6424646377563477	0.3
20711.47544917785	750	30.24964842275796	0.0	386472	2684.3020248293933	0.005449078977108002	0.75
20714.214096122556	750	31.511001478050918	0.0	399894	2738.64694470704	0.07512401789426804	0.75
20716.75763881229	750	32.9674587883124	0.0	401853	2543.542689738521	0.27477315068244934	0.75
20720.32947664917	1200	33.39562095143254	0.0	536667	3571.8378368798603	0.6679985523223877	0.75
20725.27201640725	1200	32.453081193357534	0.0	587236	4942.539758075005	0.013728272169828415	1.2
20729.232877252078	1200	32.492220348526615	0.0	590335	3960.8608448309174	0.09225422888994217	1.2
20734.16946263346	1200	31.555634967146283	0.0	696376	4936.585381380332	0.041151389479637146	1.2
20736.741977423106	1200	32.983120177500695	0.0	487160	2572.514789645589	0.031669627875089645	1.2
20740.81526279689	1200	32.9098348037151	0.0	622896	4073.285373785586	0.004705176223069429	1.2
20743.585436173842	1200	34.13966142676353	0.0	641447	2770.1733769515677	0.006053165998309851	1.2
20747.95379511136	1200	33.771302489247276	0.0	570392	4368.358937516256	0.004705176223069429	1.2
20755.291513559256	1200	30.43358404134897	0.0	620283	7337.718447898307	0.005500844679772854	1.2
20760.604194711796	1200	29.12090288880881	0.0	584349	5312.681152540157	0.4900999367237091	1.2
20764.449032404802	1200	29.276065195801632	0.0	670129	3844.837693007179	0.1241120919585228	1.2
20769.508560871363	1200	28.21653672924097	0.0	690253	5059.5284665606605	0.004705176223069429	1.2
20773.934752403984	1200	27.790345196619803	0.0	598727	4426.1915326211665	0.005097273737192154	1.2
20779.762426471487	1200	25.962671129120405	0.0	487812	5827.674067499402	0.005345390643924475	1.2
20793.93163897551	1200	15.793458625095289	0.0	575591	14169.212504025116	0.12836259603500366	1.2
20796.513341375445	300	17.211756225163537	0.0	144254	2581.7023999317526	0.019966958090662956	-0.6000000000000001
20798.02868564673	300	19.696411953881462	0.0	149991	1515.3442712820722	0.6914401054382324	0.3
20801.23737764591	750	20.487719954699436	0.0	345516	3208.691999182025	0.005961733870208263	0.3
20804.6345969309	750	21.090500669711098	0.0	384505	3397.219284988339	0.15037105977535248	0.75
20807.708990941857	750	22.016106658753817	0.0	372093	3074.3940109572827	0.4566040337085724	0.75
20810.956144499094	750	22.768953101515326	0.0	438281	3247.1535572384873	0.16812863945960999	0.75
20815.27682635616	1200	22.448271244449963	0.0	630203	4320.681857065365	0.29900452494621277	0.75
20818.38554806467	1200	23.339549535937653	0.0	638661	3108.7217085123084	0.004713281523436308	1.2
20821.151393941112	1200	24.57370365949611	0.0	538612	2765.845876441544	0.16113224625587463	1.2
20828.802861563243	2850	20.922236037366602	0.0	1364537	7651.46762212951	0.5839414596557617	1.2000000000000002

