6846.064600182268	750	4.0	2.288238812003366	450283	2288.238812003366	0.004705176223069429	-9.089426891614474
6848.758808593946	750	5.305791588322136	0.0	398865	2694.2084116778638	0.6161158084869385	0.75
6849.631180025552	300	8.43342015671616	0.0	139857	872.3714316059757	0.18835192918777466	-0.15000000000000002
6850.6910895574065	300	11.37351062486082	0.0	155432	1059.9095318553395	0.013464593328535557	0.3
6851.615044752701	300	14.44955542956727	0.0	163442	923.955195293551	0.31038445234298706	0.3
6852.892543961784	750	17.172056220484052	0.0	318564	1277.4992090832186	0.15999743342399597	0.3
6855.263623923035	1200	18.800976259232403	0.0	561791	2371.0799612516475	0.02742406725883484	0.75
6858.394320964437	1200	19.670279217830416	0.0	709534	3130.697041401988	0.004705176223069429	1.2
6860.648175989988	1200	21.416424192278964	0.0	584846	2253.8550255514524	0.004705176223069429	1.2
6863.311890310034	1200	22.752709872233027	0.0	560821	2663.714320045935	0.004705176223069429	1.2
6866.179157070116	1200	23.885443112151332	0.0	607410	2867.266760081693	0.004705176223069429	1.2
6868.572075670373	1200	25.492524511894594	0.0	594078	2392.9186002567403	0.004705176223069429	1.2
6872.870067174363	1200	25.19453300790456	0.0	624282	4297.991503990035	0.004705176223069429	1.2
6875.901864252633	1200	26.162735929634565	0.0	687371	3031.797078269995	0.004921743180602789	1.2
6877.937917735757	1200	28.12668244650997	0.0	526950	2036.0534831245923	0.004705176223069429	1.2
6880.583351731768	1200	29.481248450499756	0.0	587876	2645.4339960102157	0.004705176223069429	1.2
6883.5487509296145	1200	30.515849252652682	0.0	617242	2965.3991978470726	0.004705176223069429	1.2
6886.317880740733	1200	31.74671944153401	0.0	581493	2769.1298111186697	0.004705176223069429	1.2
6888.642436362112	1200	33.4221638201549	0.0	639204	2324.555621379115	0.004705176223069429	1.2
6891.293583265438	1200	34.771016916828096	0.0	586839	2651.1469033268054	0.008403423242270947	1.2
6894.719311918593	1200	35.34528826367371	0.0	601738	3425.728653154388	0.005806764122098684	1.2
6896.978952750587	1200	37.08564743167958	0.0	616206	2259.6408319941343	0.004705176223069429	1.2
6898.974172629326	1200	39.09042755294119	0.0	656471	1995.2198787383886	0.020093245431780815	1.2
6900.441010106545	1200	41.623590075721566	0.0	536667	1466.8374772196275	0.49335190653800964	1.2
6906.640529208979	2850	39.42407097328673	0.0	1383735	6199.51910243483	0.1452874094247818	1.2000000000000002
6913.280948879464	2850	36.78365130280259	0.0	1480464	6640.419670484145	0.004705176223069429	2.85
6920.302839087826	2850	33.76176109443985	0.0	1547572	7021.890208362743	0.004705176223069429	2.85
6926.379760348982	2850	31.684839833283817	0.0	1141971	6076.921261156031	0.004705176223069429	2.85
6934.498743047467	2850	27.565857134799316	0.0	1498470	8118.982698484501	0.004841540940105915	2.85
6941.520373966598	2850	24.54422621566805	0.0	1561263	7021.630919131266	0.010569757781922817	2.85
6946.428029270476	2850	23.636570911790177	0.0	1341201	4907.655303877876	0.008025765419006348	2.85
6951.647174104993	2850	22.417426077273696	0.0	1497683	5219.144834516481	0.004705176223069429	2.85
6958.49991657735	2850	19.56468360491613	0.0	1358081	6852.74247235757	0.004705176223069429	2.85
6968.539846772595	2850	13.524753409670655	0.0	1587293	10039.930195245473	0.0540696382522583	2.85
6972.007861243046	1200	14.056738939220335	0.0	690253	3468.0144704503195	0.0057982574217021465	-0.44999999999999996
6974.358843538578	1200	15.70575664368788	0.0	598727	2350.982295532454	0.012246731668710709	1.2
6976.094957940175	1200	17.969642242091304	0.0	487812	1736.1144015965774	0.004705176223069429	1.2
6978.159184983686	1200	19.905415198580975	0.0	575591	2064.2270435103283	0.01898162253201008	1.2
6980.439593996868	1200	21.625006185398412	0.0	605884	2280.4090131825665	0.40179213881492615	1.2
6983.156676806628	1200	22.90792337563894	0.0	587506	2717.082809759471	0.5092480182647705	1.2
6988.951674495627	2850	21.112925686639812	0.0	1339500	5794.997688999125	0.6352907419204712	1.2000000000000002
6994.714725156431	2850	19.349875025836262	0.0	1527299	5763.050660803552	0.004705176223069429	2.85
7002.29779894744	2850	15.766801234826998	0.0	1343002	7583.073791009265	0.004705176223069429	2.85
7008.780532517459	2850	13.284067664809351	0.0	1587250	6482.733570017649	0.021236766129732132	2.85
7014.423809793724	2850	11.640790388543758	0.0	1464921	5643.277276265593	0.007004559971392155	2.85
7021.6607948267765	2850	8.40380535549104	0.0	1483527	7236.985033052717	0.004705176223069429	2.85
7026.007214362486	1200	8.057385819782297	0.0	538612	4346.419535708743	0.4593888521194458	-0.44999999999999996
7029.633046957977	1200	8.431553224290274	0.0	550906	3625.8325954920238	0.3817797601222992	1.2

