14879.308562519032	750	4.0	4.2446647119615655	450283	4244.664711961565	-1.000000082240371e-09	-17.50205826143473
14880.723350652566	300	6.5852118664659365	0.0	155580	1414.7881335340633	-1.000000082240371e-09	-0.15000000000000002
14881.987041984909	300	9.321520534123353	0.0	139857	1263.6913323425845	-1.000000082240371e-09	0.3
14886.819098717457	1200	8.489463801575397	0.0	617681	4832.056732547955	-1.000000082240371e-09	0.29999999999999993
14889.525379591027	750	9.783182928005365	0.0	411561	2706.2808735700337	-1.000000082240371e-09	0.3
14893.873903143396	1200	9.43465937563595	0.0	520315	4348.523552369415	-1.000000082240371e-09	0.75
14897.793617566029	1200	9.514944953004761	0.0	561791	3919.71442263119	-1.000000082240371e-09	1.2
14904.377615882026	1200	6.93094663700803	0.0	709534	6583.9983159967305	-1.000000082240371e-09	1.2
14905.702472040317	300	9.60609047871852	0.0	150710	1324.8561582895086	-1.000000082240371e-09	-0.6000000000000001
14910.511185146957	1200	8.79737737207713	0.0	560821	4808.71310664139	-1.000000082240371e-09	0.29999999999999993
14913.366785167687	750	9.94177735134794	0.0	353220	2855.600020729193	-1.000000082240371e-09	0.3
14918.240400090846	1200	9.06816242818789	0.0	594078	4873.6149231600475	-1.000000082240371e-09	0.75
14922.984429191234	1200	8.324133327801038	0.0	624282	4744.029100386853	-1.000000082240371e-09	1.2
14925.47729667523	750	9.831265843805273	0.0	434409	2492.8674839957644	-1.000000082240371e-09	0.3
14928.957949469539	1200	10.35061304949614	0.0	526950	3480.652794309133	-1.000000082240371e-09	0.75
14933.563582584915	1200	9.744979934119181	0.0	587876	4605.633115376959	-1.000000082240371e-09	1.2
14938.378072715745	1200	8.930489803291225	0.0	617242	4814.490130827955	-1.000000082240371e-09	1.2
14941.301578994817	750	10.006983524218699	0.0	372963	2923.5062790725283	-1.000000082240371e-09	0.3
14946.70432613808	1200	8.604236380953353	0.0	639204	5402.747143265345	-1.000000082240371e-09	0.75
14950.263537407498	750	9.045025111535383	0.0	350713	3559.2112694179696	-1.000000082240371e-09	0.3
14955.514496586235	1200	7.794065932799042	0.0	601738	5250.95917873634	-1.000000082240371e-09	0.75
14959.82224028523	750	7.486322233805728	0.0	399894	4307.743698993315	-1.000000082240371e-09	0.3
14965.217707061709	750	6.090855457325306	0.0	401853	5395.466776480422	-1.000000082240371e-09	0.75
14969.458331374042	300	5.850231144994115	0.0	137654	4240.624312331191	-1.000000082240371e-09	-0.15000000000000002
14972.07746137939	300	7.23110113964799	0.0	146754	2619.130005346125	-1.000000082240371e-09	0.3
14978.519052487913	750	4.789510031122112	0.0	379700	6441.591108525878	-1.000000082240371e-09	0.3
14981.216993953547	300	6.091568565489672	0.0	181901	2697.94146563244	-1.000000082240371e-09	-0.15000000000000002
14982.859151841	300	8.449410678035806	0.0	111155	1642.1578874538668	-1.000000082240371e-09	0.3
14988.955221041493	750	6.3533414775424495	0.0	400396	6096.069200493355	-1.000000082240371e-09	0.3
14990.329968500411	300	8.9785940186253	0.0	149029	1374.747458917151	-1.000000082240371e-09	-0.15000000000000002
14993.125627612148	750	10.182934906889408	0.0	358218	2795.6591117358907	-1.000000082240371e-09	0.3
14997.853905566608	1200	9.454656952429053	0.0	620283	4728.2779544603545	-1.000000082240371e-09	0.75
15001.802327108055	1200	9.506235410981633	0.0	584349	3948.4215414474206	-1.000000082240371e-09	1.2
15005.973805431173	1200	9.334757087864169	0.0	670129	4171.478323117464	-1.000000082240371e-09	1.2
15011.093185973845	1200	8.215376545190134	0.0	690253	5119.380542674035	-1.000000082240371e-09	1.2
15013.556942469637	750	9.751620049398957	0.0	365161	2463.7564957911777	-1.000000082240371e-09	0.3
15016.760570811173	1200	10.547991707861492	0.0	487812	3203.6283415374646	-1.000000082240371e-09	0.75
15020.651563803463	1200	10.656998715569687	0.0	575591	3890.9929922918063	-1.000000082240371e-09	1.2
15026.820967229647	1200	8.48759528938647	0.0	605884	6169.4034261832185	-1.000000082240371e-09	1.2
15031.174988233548	750	8.133574285486468	0.0	390680	4354.021003900001	-1.000000082240371e-09	0.3
15034.254272377866	750	9.054290141169473	0.0	345516	3079.2841443169946	-1.000000082240371e-09	0.75
15039.145955918268	1200	8.162606600767534	0.0	641452	4891.683540401939	-1.000000082240371e-09	0.75
15042.803109060666	750	8.5054534583702	0.0	372093	3657.153142397335	-1.000000082240371e-09	0.3
15047.722848000965	750	7.585714518070288	0.0	438281	4919.738940299911	-1.000000082240371e-09	0.75
15052.272193135319	750	7.036369383717454	0.0	398987	4549.345134352834	-1.000000082240371e-09	0.75
15055.746121060747	750	7.562441458289182	0.0	393804	3473.9279254282715	-1.000000082240371e-09	0.75
15057.995097949468	750	9.313464569569557	0.0	331053	2248.9768887196246	-1.000000082240371e-09	0.75
15061.378682304672	1200	9.929880214364784	0.0	550906	3383.584355204774	-1.000000082240371e-09	0.75

