9617.231553352494	750	4.0	4.948165992489615	450283	4948.165992489616	-1.000000082240371e-09	-20.527113767705345
9618.638339159088	300	6.593214193405611	0.0	155580	1406.7858065943897	-1.000000082240371e-09	-0.15000000000000002
9619.650983496955	300	9.580569855539265	0.0	139857	1012.6443378663465	-1.000000082240371e-09	0.3
9624.937823604363	1200	8.293729748129142	0.0	617681	5286.840107410123	-1.000000082240371e-09	0.29999999999999993
9628.887016008302	750	8.344537344191066	0.0	411561	3949.192403938077	-1.000000082240371e-09	0.3
9633.598770043898	750	7.632783308594707	0.0	318564	4711.754035596358	-1.000000082240371e-09	0.75
9639.740998448784	750	5.490554903709838	0.0	352642	6142.228404884869	-1.000000082240371e-09	0.75
9641.547160431679	300	7.684392920814696	0.0	173849	1806.1619828951411	-1.000000082240371e-09	-0.15000000000000002
9645.102629679754	750	8.128923672739418	0.0	374758	3555.4692480752783	-1.000000082240371e-09	0.3
9648.235866933206	750	8.995686419287141	0.0	362795	3133.2372534522765	-1.000000082240371e-09	0.75
9651.59615783823	750	9.635395514261953	0.0	353220	3360.2909050251887	-1.000000082240371e-09	0.75
9657.991911868767	1200	7.239641483726964	0.0	594078	6395.7540305349885	-1.000000082240371e-09	0.75
9663.221574217432	750	6.009979135062178	0.0	386351	5229.662348664786	-1.000000082240371e-09	0.3
9666.567107119681	300	6.6644462328116685	0.0	179801	3345.5329022505093	-1.000000082240371e-09	-0.15000000000000002
9669.426497045579	300	7.805056306914697	0.0	140051	2859.3899258969723	-1.000000082240371e-09	0.3
9672.78497526637	750	8.446578086124928	0.0	366214	3358.4782207897692	-1.000000082240371e-09	0.3
9675.650372893917	750	9.581180458578379	0.0	360831	2865.397627546549	-1.000000082240371e-09	0.75
9679.837609804596	1200	9.393943547899969	0.0	581493	4187.236910678411	-1.000000082240371e-09	0.75
9685.564511613784	1200	7.667041738710439	0.0	639204	5726.9018091895305	-1.000000082240371e-09	1.2
9688.984218521415	750	8.247334831080837	0.0	350713	3419.7069076296025	-1.000000082240371e-09	0.3
9693.103720216453	750	8.127833136042728	0.0	386472	4119.501695038109	-1.000000082240371e-09	0.75
9697.213596014582	750	8.01795733791341	0.0	399894	4109.8757981293165	-1.000000082240371e-09	0.75
9702.001207617282	750	7.2303457352130645	0.0	401853	4787.611602700346	-1.000000082240371e-09	0.75
9707.065652262298	750	6.1659010901982905	0.0	343800	5064.444645014774	-1.000000082240371e-09	0.75
9708.918274549294	300	8.31327880320181	0.0	146754	1852.6222869964818	-1.000000082240371e-09	-0.15000000000000002
9716.098688854454	750	5.132864498042073	0.0	379700	7180.414305159736	-1.000000082240371e-09	0.3
9719.851534587004	300	5.380018765492645	0.0	181901	3752.845732549428	-1.000000082240371e-09	-0.15000000000000002
9721.176954742168	300	8.05459861032664	0.0	111155	1325.420155166005	-1.000000082240371e-09	0.3
9725.23469593334	750	7.996857419155477	0.0	400396	4057.7411911711624	-1.000000082240371e-09	0.3
9728.73905802613	750	8.492495326363917	0.0	400508	3504.3620927915613	-1.000000082240371e-09	0.75
9731.777886489404	750	9.453666863091636	0.0	358218	3038.8284632722803	-1.000000082240371e-09	0.75
9737.097335368939	1200	8.134217983556647	0.0	620283	5319.448879534989	-1.000000082240371e-09	0.75
9739.904079399374	750	9.327473953121599	0.0	369834	2806.744030435049	-1.000000082240371e-09	0.3
9744.84827540924	1200	8.383277943255008	0.0	670129	4944.1960098665895	-1.000000082240371e-09	0.75
9747.628037997198	750	9.60351535529723	0.0	401088	2779.762587957778	-1.000000082240371e-09	0.3
9751.752570887984	1200	9.478982464509706	0.0	598727	4124.532890787525	-1.000000082240371e-09	0.75
9755.292416117249	1200	9.939137235245013	0.0	487812	3539.845229264693	-1.000000082240371e-09	1.2
9758.969210380605	1200	10.262342971889591	0.0	575591	3676.794263355421	-1.000000082240371e-09	1.2
9763.387637125192	1200	9.843916227302758	0.0	605884	4418.4267445868345	-1.000000082240371e-09	1.2
9767.504744949276	1200	9.726808403219103	0.0	587506	4117.107824083656	-1.000000082240371e-09	1.2
9771.58807432071	1200	9.643479031783993	0.0	566904	4083.3293714351094	-1.000000082240371e-09	1.2
9776.60480140779	1200	8.626751944704894	0.0	641452	5016.727087079099	-1.000000082240371e-09	1.2
9780.11995070992	750	9.111602642573809	0.0	372093	3515.149302131086	-1.000000082240371e-09	0.3
9786.033184328226	1200	7.198369024268294	0.0	634861	5913.233618305516	-1.000000082240371e-09	0.75
9790.238057992685	750	6.993495359809456	0.0	398987	4204.873664458837	-1.000000082240371e-09	0.3
9791.988717480783	300	9.242835871713071	0.0	160064	1750.6594880963862	-1.000000082240371e-09	-0.15000000000000002
9796.55769023006	1200	8.673863122435494	0.0	538612	4568.972749277576	-1.000000082240371e-09	0.29999999999999993
9798.831376488079	750	10.4001768644184	0.0	314107	2273.6862580170946	-1.000000082240371e-09	0.3

