4342.096004434513	750	4.0	3.5013497766476167	450283	3501.3497766476166	-1.000000082240371e-09	-14.305804039584752
4343.064262724815	300	7.031741709697546	0.0	155580	968.258290302454	-1.000000082240371e-09	-0.15000000000000002
4344.626615809648	750	9.469388624865182	0.0	350812	1562.3530848323649	-1.000000082240371e-09	0.3
4347.388830460062	1200	10.707173974450361	0.0	617681	2762.2146504148195	-1.000000082240371e-09	0.75
4349.8507570908305	1200	12.245247343682117	0.0	652874	2461.9266307682446	-1.000000082240371e-09	1.2
4353.194250041008	1850	12.901754393504794	0.0	801058	3343.492950177322	-1.000000082240371e-09	1.2000000000000002
4357.803416913967	1850	12.292587520545581	0.0	905515	4609.166872959214	-1.000000082240371e-09	1.85
4365.03896843535	1850	9.057035999162727	0.0	1060487	7235.551521382855	-1.000000082240371e-09	1.85
4369.254679195023	1200	8.841325239491704	0.0	584846	4215.710759671024	-1.000000082240371e-09	0.5499999999999999
4371.609121842754	750	10.486882591760285	0.0	362795	2354.4426477314196	-1.000000082240371e-09	0.3
4375.339442876362	1200	10.756561558152374	0.0	607410	3730.321033607911	-1.000000082240371e-09	0.75
4378.628900538742	1200	11.467103895772745	0.0	594078	3289.457662379629	-1.000000082240371e-09	1.2
4387.2125725514525	1850	6.883431883062223	0.0	946851	8583.672012710522	-1.000000082240371e-09	1.2000000000000002
4389.28029742214	300	8.815707012373826	0.0	179801	2067.7248706883956	-1.000000082240371e-09	-1.25
4392.312010869274	750	9.783993565241053	0.0	337059	3031.7134471327727	-1.000000082240371e-09	0.3
4399.068158571319	1200	7.027845863196232	0.0	587876	6756.147702044821	-1.000000082240371e-09	0.75
4404.014557749264	750	6.081446685251267	0.0	360831	4946.399177944965	-1.000000082240371e-09	0.3
4405.545181229548	300	8.550823204967722	0.0	150616	1530.6234802835445	-1.000000082240371e-09	-0.15000000000000002
4408.404816086336	750	9.691188348179704	0.0	405596	2859.6348567880186	-1.000000082240371e-09	0.3
4411.541391458982	1200	10.554612975533997	0.0	586839	3136.5753726457074	-1.000000082240371e-09	0.75
4414.787874965169	1200	11.308129469345864	0.0	601738	3246.4835061881336	-1.000000082240371e-09	1.2
4418.981738673827	1850	11.11426576068822	0.0	955231	4193.863708657645	-1.000000082240371e-09	1.2000000000000002
4426.803765925561	1850	7.29223850895512	0.0	968026	7822.0272517331005	-1.000000082240371e-09	1.85
4431.283533296174	750	6.812471138340721	0.0	343800	4479.7673706144	-1.000000082240371e-09	-0.3500000000000001
4432.063455873389	300	10.03254856112651	0.0	146754	779.9225772142098	-1.000000082240371e-09	-0.15000000000000002
4435.475317558806	1200	10.620686875709865	0.0	590335	3411.861685416645	-1.000000082240371e-09	0.29999999999999993
4439.18335493958	1200	10.912649494935573	0.0	696376	3708.037380774292	-1.000000082240371e-09	1.2
4441.974387425932	1200	12.121617008583742	0.0	487160	2791.0324863518313	-1.000000082240371e-09	1.2
4447.354139908509	1850	10.741864526007117	0.0	972798	5379.752482576626	-1.000000082240371e-09	1.2000000000000002
4449.492136732486	1200	12.603867702029772	0.0	641447	2137.996823977344	-1.000000082240371e-09	0.5499999999999999
4452.604266535522	1850	13.491737898994382	0.0	873429	3112.1298030353914	-1.000000082240371e-09	1.2000000000000002
4459.0804799139305	2850	11.01552452058543	0.0	1497683	6476.213378408952	-1.000000082240371e-09	1.85
4462.758322496288	1850	11.337681938227458	0.0	885062	3677.84258235797	-1.000000082240371e-09	0.8500000000000001
4466.963330982445	1850	11.132673452070748	0.0	1035329	4205.008486156711	-1.000000082240371e-09	1.85
4470.709368627086	1850	11.386635807429142	0.0	1026056	3746.0376446416053	-1.000000082240371e-09	1.85
4473.943913818995	1850	12.152090615521203	0.0	943942	3234.5451919079387	-1.000000082240371e-09	1.85
4476.757864506885	1850	13.338139927630765	0.0	728962	2813.950687890438	-1.000000082240371e-09	1.85
4482.180864326901	2850	11.915140107614688	0.0	1499009	5422.999820016077	-1.000000082240371e-09	1.85
4484.898376210791	1850	13.19762822372561	0.0	908665	2717.511883889078	-1.000000082240371e-09	0.8500000000000001
4489.826206480437	2850	12.269797954079785	0.0	1402287	4927.830269645827	-1.000000082240371e-09	1.85
4493.320793873808	1850	12.775210560709354	0.0	858450	3494.587393370429	-1.000000082240371e-09	0.8500000000000001
4496.912103896303	1850	13.183900538213877	0.0	1025005	3591.3100224954783	-1.000000082240371e-09	1.85
4501.299993172841	2850	12.796011261675815	0.0	1343002	4387.88927653806	-1.000000082240371e-09	1.85
4504.124335164179	1850	13.971669270337797	0.0	973972	2824.341991338019	-1.000000082240371e-09	0.8500000000000001
4508.737557411723	2850	13.35844702279437	0.0	1464921	4613.2222475434255	-1.000000082240371e-09	1.85
4513.736418419436	2850	12.359586015081183	0.0	1483527	4998.86100771319	-1.000000082240371e-09	2.85
4516.64989600739	1850	13.44610842712601	0.0	830730	2913.477587955173	-1.000000082240371e-09	0.8500000000000001
4521.332951871752	2850	12.763052562764514	0.0	1364537	4683.055864361494	-1.000000082240371e-09	1.85

