22642.412988755263	750	4.0	3.9127276647253035	450283	3912.7276647253034	0.5974678993225098	-16.074728958318804
22643.84458177537	300	6.568406979893699	0.0	155580	1431.593020106301	0.004705176223069429	-0.15000000000000002
22645.01108252867	300	9.401906226594866	0.0	139857	1166.500753298834	0.004705176223069429	0.3
22646.159527856427	300	12.253460898835879	0.0	155432	1148.4453277589848	0.004705176223069429	0.3
22647.292796492486	300	15.120192262777211	0.0	163442	1133.2686360586692	0.14095984399318695	0.3
22649.12792277125	750	17.28506598401304	0.0	318564	1835.1262787641672	0.5867609977722168	0.3
22651.40494799568	750	19.008040759585654	0.0	352642	2277.0252244273875	0.22691214084625244	0.75
22655.29811279095	750	19.11487596431319	0.0	437162	3893.1647952724666	0.14350305497646332	0.75
22659.009587018812	750	19.40340173645145	0.0	374758	3711.4742278617355	0.012320725247263908	0.75
22663.29951333152	750	19.11347542374349	0.0	362795	4289.926312707962	0.005476819351315498	0.75
22666.794259615694	750	19.61872913957158	0.0	353220	3494.7462841719102	0.005986195523291826	0.75
22669.257608369702	750	21.15538038556525	0.0	405134	2463.348754006334	0.004705176223069429	0.75
22671.548255259946	750	22.864733495321353	0.0	386351	2290.6468902438946	0.0458865761756897	0.75
22674.111480081763	750	24.30150867350399	0.0	434409	2563.2248218173654	0.1399131417274475	0.75
22676.173827816045	750	26.239160939223332	0.0	337059	2062.3477342806536	0.3513495922088623	0.75
22678.179423267615	750	28.23356548765241	0.0	366214	2005.5954515709225	0.2812362015247345	0.75
22680.26589673317	750	30.14709202209975	0.0	360831	2086.473465552664	0.6721248626708984	0.75
22683.840804227028	1200	30.57218452823979	0.0	581493	3574.907493859955	0.6086699366569519	0.75
22688.494134534787	1200	29.918854220481332	0.0	639204	4653.33030775846	0.006515851244330406	1.2
22694.35142021176	1200	28.061568543509697	0.0	586839	5857.285676971634	0.01708626188337803	1.2
22701.549252948116	1200	24.8637358071525	0.0	601738	7197.832736357194	0.5175248384475708	1.2
22707.920637295927	750	22.492351459341705	0.0	399894	6371.384347810795	0.20370469987392426	0.3
22711.136030194415	750	23.27695856085378	0.0	401853	3215.392898487926	0.004705176223069429	0.75
22714.233244782066	750	24.17974397320331	0.0	343800	3097.2145876504733	0.009231923148036003	0.75
22717.528040677746	750	24.884948077524452	0.0	359903	3294.7958956788575	0.006069472525268793	0.75
22720.757387898288	750	25.655600856982353	0.0	379700	3229.3472205421003	0.005127421114593744	0.75
22724.49396545736	750	25.91902329791097	0.0	425781	3736.5775590713824	0.004735548514872789	0.75
22727.212834224636	750	27.200154530634123	0.0	277716	2718.868767276849	0.00502085080370307	0.75
22733.316317907596	750	25.096670847673032	0.0	400396	6103.483682961091	0.005293956957757473	0.75
22741.08091989489	750	21.332068860381032	0.0	400508	7764.601987292	0.004705176223069429	0.75
22749.103902918425	750	17.309085836843856	0.0	358218	8022.983023537175	0.03814206272363663	0.75
22751.99073806572	300	18.422250689549124	0.0	157488	2886.835147294734	0.24987494945526123	-0.15000000000000002
22755.324774691355	300	19.088214063914187	0.0	143881	3334.0366256349384	0.06293518096208572	0.3
22759.333762765687	300	19.079225989582394	0.0	163444	4008.9880743317917	0.042390044778585434	0.3
22765.546412670043	300	16.86657608522579	0.0	179328	6212.649904356604	0.022067680954933167	0.3
22771.026928847597	300	15.386059907673907	0.0	159914	5480.5161775518845	0.004705176223069429	0.3
22773.70596931418	300	16.707019441092328	0.0	131610	2679.040466581578	0.004705176223069429	0.3
22775.645496448193	300	18.76749230707767	0.0	124011	1939.5271340146567	0.008230846375226974	0.3
22777.953239959672	300	20.45974879560003	0.0	144254	2307.74351147764	0.5088080167770386	0.3
22782.301086847965	750	20.111901907306226	0.0	390680	4347.846888293806	0.20347772538661957	0.3
22784.882301796653	750	21.53068695861914	0.0	345516	2581.214948687087	0.004705176223069429	0.75
22788.580331784313	750	21.832656970960706	0.0	384505	3698.0299876584313	0.033053405582904816	0.75
22793.24931619584	750	21.163672559431873	0.0	372093	4668.984411528833	0.04333432391285896	0.75
22804.342607884293	750	14.070380870982897	0.0	438281	11093.291688448977	0.01358011644333601	0.75
22807.9470838997	300	14.465904855574209	0.0	167025	3604.4760154086885	0.004705176223069429	-0.15000000000000002
22813.73468329273	300	12.678305462545389	0.0	160064	5787.59939302882	0.18353725969791412	0.3
22818.342034466892	300	12.070954288381069	0.0	137507	4607.351174164321	0.006365205626934767	0.3
22821.590812798106	300	12.822175957169854	0.0	118421	3248.778331211213	0.015594196505844593	0.3

