16183.10154112186	750	4.0	7.571061952176263	450283	7571.061952176264	-1.000000082240371e-09	-31.805566394357932
16185.081335545021	300	6.020205576839139	0.0	155580	1979.794423160861	-1.000000082240371e-09	-0.15000000000000002
16186.174347526332	300	8.927193595526365	0.0	139857	1093.0119813127735	-1.000000082240371e-09	0.3
16189.116530325333	750	9.985010796525442	0.0	382355	2942.1827990009215	-1.000000082240371e-09	0.3
16194.078920286709	1200	9.0226208351485	0.0	652874	4962.389961376942	-1.000000082240371e-09	0.75
16197.736914859888	1200	9.364626261969645	0.0	520315	3657.994573178853	-1.000000082240371e-09	1.2
16203.446026894033	1200	7.655514227824911	0.0	561791	5709.112034144735	-1.000000082240371e-09	1.2
16209.39358669651	750	5.707954425347709	0.0	437162	5947.5598024772025	-1.000000082240371e-09	0.3
16212.108564375687	300	6.992976746169601	0.0	150710	2714.9776791781082	-1.000000082240371e-09	-0.15000000000000002
16215.705574174977	300	7.395966946878572	0.0	139105	3597.0097992910296	-1.000000082240371e-09	0.3
16224.192666181303	750	4.0	1.0911250594473958	353220	8487.092006325967	-1.000000082240371e-09	-4.3918377556238015
16226.331875082029	300	5.8607910992750805	0.0	156148	2139.2089007249197	-1.000000082240371e-09	-0.15000000000000002
16227.666627901517	300	8.526038279786833	0.0	160746	1334.7528194882461	-1.000000082240371e-09	0.3
16231.281635694135	750	8.911030487167881	0.0	434409	3615.0077926189515	-1.000000082240371e-09	0.3
16233.547840229543	750	10.64482595176042	0.0	337059	2266.204535407461	-1.000000082240371e-09	0.75
16238.367474309447	1200	9.825191871857855	0.0	587876	4819.634079902563	-1.000000082240371e-09	0.75
16243.75666075596	1200	8.436005425343446	0.0	617242	5389.186446514411	-1.000000082240371e-09	1.2
16247.723751519101	750	8.468914662203842	0.0	372963	3967.0907631396035	-1.000000082240371e-09	0.3
16253.877700214554	750	6.314965966751786	0.0	405596	6153.948695452056	-1.000000082240371e-09	0.75
16257.145626273998	300	7.047039907308063	0.0	140881	3267.926059443723	-1.000000082240371e-09	-0.15000000000000002
16262.092328929784	750	6.100337251520953	0.0	386472	4946.70265578711	-1.000000082240371e-09	0.3
16263.751224980666	300	8.441441200639414	0.0	157812	1658.8960508815387	-1.000000082240371e-09	-0.15000000000000002
16267.805526071055	750	8.387140110250796	0.0	401853	4054.301090388619	-1.000000082240371e-09	0.3
16270.622462213714	750	9.570203967591835	0.0	343800	2816.9361426589603	-1.000000082240371e-09	0.75
16274.736296439303	1200	9.456369742001607	0.0	587236	4113.834225590229	-1.000000082240371e-09	0.75
16278.91809637392	1200	9.274569807385836	0.0	590335	4181.799934615769	-1.000000082240371e-09	1.2
16285.524990789707	1200	6.667675391596749	0.0	696376	6606.894415789087	-1.000000082240371e-09	1.2
16286.454823951799	300	9.737842229505688	0.0	111155	929.8331620910611	-1.000000082240371e-09	-0.6000000000000001
16295.934693458641	1200	4.257972722664379	0.0	622896	9479.869506841309	-1.000000082240371e-09	0.29999999999999993
16296.921661394037	300	7.271004787268551	0.0	149029	986.967935395828	-1.000000082240371e-09	-0.6000000000000001
16299.83376324449	750	8.358902936817001	0.0	358218	2912.1018504515505	-1.000000082240371e-09	0.3
16302.871793426708	750	9.320872754599181	0.0	400322	3038.0301822178203	-1.000000082240371e-09	0.75
16307.301727767921	1200	8.890938413385866	0.0	584349	4429.934341213315	-1.000000082240371e-09	0.75
16309.930794788717	750	10.261871392587414	0.0	412837	2629.067020798451	-1.000000082240371e-09	0.3
16318.63315068527	1200	5.559515496036259	0.0	690253	8702.355896551155	-1.000000082240371e-09	0.75
16321.68767174589	300	6.504994435414977	0.0	159914	3054.521060621283	-1.000000082240371e-09	-0.6000000000000001
16324.511041251246	300	7.681624930059852	0.0	131610	2823.369505355125	-1.000000082240371e-09	0.3
16333.872993639929	750	4.0	1.680327458623462	361565	9361.952388683314	-1.000000082240371e-09	-6.925408072080886
16336.21373724141	300	5.659256398518352	0.0	144254	2340.7436014816485	-1.000000082240371e-09	-0.15000000000000002
16337.656302033996	300	8.21669160593352	0.0	149991	1442.5647925848305	-1.000000082240371e-09	0.3
16340.38635547444	750	9.486638165490065	0.0	345516	2730.0534404434557	-1.000000082240371e-09	0.3
16345.280225257096	1200	8.592768382832732	0.0	641452	4893.869782657333	-1.000000082240371e-09	0.75
16348.27713051758	750	9.595863122350568	0.0	372093	2996.905260482162	-1.000000082240371e-09	0.3
16353.562694811888	1200	8.310298828041939	0.0	634861	5285.56429430863	-1.000000082240371e-09	0.75
16357.856701862778	750	8.016291777150547	0.0	398987	4294.0070508913905	-1.000000082240371e-09	0.3
16363.554521334645	750	6.318472305283907	0.0	393804	5697.81947186664	-1.000000082240371e-09	0.75
16366.511398642553	300	7.361594997375934	0.0	137507	2956.8773079079724	-1.000000082240371e-09	-0.15000000000000002
16371.34831726144	750	6.524676378489364	0.0	314107	4836.918618886571	-1.000000082240371e-09	0.3

