19185.97558933616	750	4.0	5.057839080863765	450283	5057.839080863765	-1.000000082240371e-09	-20.99870804771419
19187.406326851215	300	6.569262484946178	0.0	155580	1430.7375150538228	-1.000000082240371e-09	-0.15000000000000002
19188.804915087054	300	9.170674249107659	0.0	139857	1398.5882358385181	-1.000000082240371e-09	0.3
19194.436517289654	1200	7.539072046511034	0.0	617681	5631.602202596624	-1.000000082240371e-09	0.29999999999999993
19198.155223438625	750	7.820365897541137	0.0	411561	3718.706148969897	-1.000000082240371e-09	0.3
19200.886976705577	750	9.088612630589134	0.0	318564	2731.7532669520037	-1.000000082240371e-09	0.75
19205.72655009039	1200	8.24903924577847	0.0	561791	4839.573384810664	-1.000000082240371e-09	0.75
19209.630130574777	750	8.345458761387043	0.0	437162	3903.5804843914275	-1.000000082240371e-09	0.3
19213.986239261652	750	7.9893500745127515	0.0	374758	4356.108686874291	-1.000000082240371e-09	0.75
19218.266193253414	750	7.7093960827540355	0.0	362795	4279.953991758715	-1.000000082240371e-09	0.75
19221.347521632066	750	8.628067704103143	0.0	353220	3081.328378650893	-1.000000082240371e-09	0.75
19225.064704070162	750	8.910885266005238	0.0	405134	3717.1824380979056	-1.000000082240371e-09	0.75
19228.95873927243	750	9.01685006373707	0.0	386351	3894.035202268168	-1.000000082240371e-09	0.75
19236.58760663029	1200	5.387982705874203	0.0	687371	7628.867357862868	-1.000000082240371e-09	0.75
19238.40254497769	300	7.57304435847805	0.0	140051	1814.9383473961525	-1.000000082240371e-09	-0.6000000000000001
19243.367610515503	750	6.607978820664359	0.0	366214	4965.065537813692	-1.000000082240371e-09	0.3
19245.562523582732	300	8.4130657534356	0.0	143509	2194.9130672287597	-1.000000082240371e-09	-0.15000000000000002
19250.354008406743	750	7.621580929421608	0.0	372963	4791.484824013992	-1.000000082240371e-09	0.3
19254.288613694323	750	7.686975641838126	0.0	405596	3934.6052875834816	-1.000000082240371e-09	0.75
19257.119774238075	750	8.855815098085424	0.0	350713	2831.160543752702	-1.000000082240371e-09	0.75
19260.44488060869	750	9.530708727469548	0.0	386472	3325.1063706158766	-1.000000082240371e-09	0.75
19267.001623934142	1200	6.973965402019665	0.0	616206	6556.743325449883	-1.000000082240371e-09	0.75
19268.30838550763	300	9.66720382853446	0.0	163927	1306.761573485206	-1.000000082240371e-09	-0.6000000000000001
19274.375219809986	1200	7.600369526176689	0.0	536667	6066.83430235777	-1.000000082240371e-09	0.29999999999999993
19277.16883963281	750	8.806749703353796	0.0	359903	2793.6198228228927	-1.000000082240371e-09	0.3
19280.48859516484	750	9.486994171324428	0.0	379700	3319.7555320293686	-1.000000082240371e-09	0.75
19285.340882800418	1200	8.634706535745291	0.0	696376	4852.287635579137	-1.000000082240371e-09	0.75
19287.72395290707	750	10.251636429097436	0.0	277716	2383.0701066478555	-1.000000082240371e-09	0.3
19296.994475342584	1200	4.981113993579457	0.0	622896	9270.52243551798	-1.000000082240371e-09	0.75
19299.67946248327	300	6.296126852895321	0.0	149029	2684.9871406841353	-1.000000082240371e-09	-0.6000000000000001
19302.304587593877	300	7.67100174228699	0.0	157421	2625.1251106083314	-1.000000082240371e-09	0.3
19306.73347017416	750	7.242119162003371	0.0	400322	4428.882580283618	-1.000000082240371e-09	0.3
19311.41081800147	750	6.56477133469058	0.0	369834	4677.347827312792	-1.000000082240371e-09	0.75
19313.94423758571	300	8.031351750450463	0.0	163444	2533.4195842401164	-1.000000082240371e-09	-0.15000000000000002
19318.51154978435	750	7.464039551811178	0.0	401088	4567.312198639285	-1.000000082240371e-09	0.3
19324.314197677322	750	5.661391658840144	0.0	365161	5802.647892971034	-1.000000082240371e-09	0.75
19325.518975940446	300	8.456613395713495	0.0	131610	1204.77826312665	-1.000000082240371e-09	-0.15000000000000002
19329.06871375087	750	8.906875585292061	0.0	361565	3549.737810421432	-1.000000082240371e-09	0.3
19334.090581541263	750	7.8850077948967945	0.0	378327	5021.867790395268	-1.000000082240371e-09	0.75
19340.419098248283	750	5.556491087874103	0.0	390680	6328.516707022692	-1.000000082240371e-09	0.75
19342.710070811347	300	7.26551852481274	0.0	147968	2290.972563061363	-1.000000082240371e-09	-0.15000000000000002
19348.913661895192	750	5.061927440967263	0.0	384505	6203.5910838454765	-1.000000082240371e-09	0.3
19351.179763247947	300	6.795826088213469	0.0	145210	2266.1013527537943	-1.000000082240371e-09	-0.15000000000000002
19353.761819771516	300	8.213769564643384	0.0	172312	2582.0565235700847	-1.000000082240371e-09	0.3
19360.44871249023	750	5.52687684593008	0.0	398987	6686.892718713304	-1.000000082240371e-09	0.3
19363.121046699005	300	6.854542637155893	0.0	160064	2672.3342087741876	-1.000000082240371e-09	-0.15000000000000002
19365.112820476275	300	8.862768859886813	0.0	137507	1991.773777269079	-1.000000082240371e-09	0.3
19369.285312192667	750	8.690277143494487	0.0	314107	4172.491716392326	-1.000000082240371e-09	0.3

