5852.408425455415	750	4.0	2.8275693741498356	450283	2827.5693741498358	-1.000000082240371e-09	-11.408548308844292
5853.2410258519385	300	7.167399603477153	0.0	155580	832.600396522847	-1.000000082240371e-09	-0.15000000000000002
5854.762129898374	750	9.646295557042475	0.0	350812	1521.1040464346786	-1.000000082240371e-09	0.3
5861.3288462604405	1200	7.079579194976285	0.0	617681	6566.7163620661895	-1.000000082240371e-09	0.75
5868.210695438803	750	4.197730016613205	0.0	411561	6881.84917836308	-1.000000082240371e-09	0.3
5870.715537574641	300	5.692887880776194	0.0	126289	2504.842135837012	-1.000000082240371e-09	-0.15000000000000002
5873.438131519983	300	6.97029393543391	0.0	153295	2722.5939453422843	-1.000000082240371e-09	0.3
5876.278538863773	300	8.12988659164342	0.0	173849	2840.40734379049	-1.000000082240371e-09	0.3
5886.941571547918	750	4.0	2.5331460925011116	374758	10663.032684144531	-1.000000082240371e-09	-10.59252819775478
5890.236694636004	300	4.704876911914221	0.0	139105	3295.1230880857793	-1.000000082240371e-09	-0.15000000000000002
5893.293436206457	300	5.648135341460635	0.0	141840	3056.7415704535856	-1.000000082240371e-09	0.3
5896.0647485874715	300	6.876822960446843	0.0	156148	2771.312381013792	-1.000000082240371e-09	0.3
5899.000975455142	300	7.94059609277659	0.0	160746	2936.226867670252	-1.000000082240371e-09	0.3
5908.257300984648	750	4.0	1.3157294367300183	434409	9256.325529506608	-1.000000082240371e-09	-5.357636577939078
5911.456712897094	300	4.800588087554064	0.0	140051	3199.4119124459357	-1.000000082240371e-09	-0.15000000000000002
5914.103941732288	300	6.1533592523598	0.0	138313	2647.228835194265	-1.000000082240371e-09	0.3
5916.604392464478	300	7.652908520169756	0.0	143509	2500.4507321900437	-1.000000082240371e-09	0.3
5923.409708356961	750	4.847592627686183	0.0	372963	6805.315892483573	-1.000000082240371e-09	0.3
5927.365909995412	300	4.891390989235288	0.0	165384	3956.201638450895	-1.000000082240371e-09	-0.15000000000000002
5932.242230719103	300	4.015070265545433	0.0	140881	4876.320723689854	-1.000000082240371e-09	0.3
5935.31737024093	300	4.939930743717075	0.0	157671	3075.1395218283587	-1.000000082240371e-09	0.3
5936.7738039956275	300	7.483496989019341	0.0	157812	1456.4337546977338	-1.000000082240371e-09	0.3
5940.404207633451	750	7.8530933511969065	0.0	401853	3630.403637822433	-1.000000082240371e-09	0.3
5943.367760676272	750	8.889540308375226	0.0	343800	2963.553042821681	-1.000000082240371e-09	0.75
5947.847756115958	750	8.40954486868927	0.0	359903	4479.995439685955	-1.000000082240371e-09	0.75
5952.996172918824	750	7.261128065823089	0.0	379700	5148.416802866182	-1.000000082240371e-09	0.75
5956.99570693277	750	7.2615940518773	0.0	425781	3999.534013945788	-1.000000082240371e-09	0.75
5959.001050478697	750	9.256250505950794	0.0	277716	2005.3435459265065	-1.000000082240371e-09	0.75
5963.385715511768	1200	8.87158547288063	0.0	622896	4384.665033070162	-1.000000082240371e-09	0.75
5967.273917691502	750	8.983383293145748	0.0	400508	3888.2021797348834	-1.000000082240371e-09	0.3
5972.87894102062	750	7.3783599640274184	0.0	358218	5605.023329118329	-1.000000082240371e-09	0.75
5980.513803328936	750	4.0	0.25650234428805563	400322	7634.862308315474	-1.000000082240371e-09	-0.35296008043863925
5982.875032063553	300	5.638771265382415	0.0	143881	2361.228734617585	-1.000000082240371e-09	-0.15000000000000002
5985.145426959626	300	7.368376369309162	0.0	163444	2270.3948960732523	-1.000000082240371e-09	0.3
5988.778198062024	750	7.735605266911734	0.0	401088	3632.7711023974275	-1.000000082240371e-09	0.3
5991.798330341811	750	8.715472987124494	0.0	365161	3020.1322797872394	-1.000000082240371e-09	0.75
5993.621982952235	750	10.891820376700197	0.0	321064	1823.6526104242967	-1.000000082240371e-09	0.75
5996.721357895786	1200	11.79244543314934	0.0	575591	3099.3749435508576	-1.000000082240371e-09	0.75
6006.679319956329	1850	5.834483372606482	0.0	908665	9957.962060542857	-1.000000082240371e-09	1.2000000000000002
6009.479304794782	300	7.034498534152716	0.0	149991	2799.9848384537663	-1.000000082240371e-09	-1.25
6015.766644949957	750	4.747158378978963	0.0	345516	6287.340155173753	-1.000000082240371e-09	0.3
6018.41443302272	300	6.099370306216398	0.0	161857	2647.7880727625643	-1.000000082240371e-09	-0.15000000000000002
6021.9156449238035	300	6.598158405132972	0.0	145210	3501.211901083427	-1.000000082240371e-09	0.3
6027.593431540963	300	4.920371787972852	0.0	172312	5677.78661716012	-1.000000082240371e-09	0.3
6031.786476132386	300	4.727327196549829	0.0	167025	4193.044591423023	-1.000000082240371e-09	0.3
6035.292935634847	300	5.220867694089233	0.0	160064	3506.459502460595	-1.000000082240371e-09	0.3
6037.816710344969	300	6.69709298396787	0.0	137507	2523.774710121364	-1.000000082240371e-09	0.3
6039.8856268788495	300	8.62817645008673	0.0	118421	2068.91653388114	-1.000000082240371e-09	0.3

