7219.302474772278	750	4.0	4.127748728925795	450283	4127.748728925795	0.5456700921058655	-16.999319534380916
7221.926414506391	300	5.376060265887466	0.0	155580	2623.939734112534	0.004705176223069429	-0.15000000000000002
7223.04300799265	300	8.259466779627365	0.0	139857	1116.593486260102	0.004705176223069429	0.3
7224.111368723676	300	11.19110604860217	0.0	155432	1068.3607310251944	0.004705176223069429	0.3
7225.147827006697	300	14.154647765580098	0.0	163442	1036.4582830220731	0.02846413664519787	0.3
7226.8962101724965	750	16.40626459978061	0.0	318564	1748.3831657994845	0.6162422895431519	0.3
7228.852663945972	750	18.449810826304965	0.0	352642	1956.4537734756439	0.29691365361213684	0.75
7231.831364177784	750	19.471110594493314	0.0	437162	2978.7002318116492	0.41010621190071106	0.75
7234.298857808858	750	21.003616963419542	0.0	374758	2467.4936310737708	0.219205841422081	0.75
7237.125503181627	750	22.176971590650368	0.0	362795	2826.6453727691755	0.22835804522037506	0.75
7240.273582575105	750	23.028892197172617	0.0	353220	3148.07939347775	0.1405884176492691	0.75
7245.45989091188	750	21.84258386039755	0.0	405134	5186.308336775067	0.04517064243555069	0.75
7251.459314456219	750	19.843160316058615	0.0	386351	5999.423544338932	0.004705176223069429	0.75
7255.039709072456	750	20.262765699820953	0.0	434409	3580.394616237663	0.027039457112550735	0.75
7257.714096982619	750	21.588377789659095	0.0	337059	2674.387910161858	0.004935065750032663	0.75
7259.911874165287	750	23.39060060699111	0.0	366214	2197.777182667985	0.006867283955216408	0.75
7262.723789322635	750	24.578685449643423	0.0	360831	2811.9151573476834	0.05481298267841339	0.75
7264.4432377295	750	26.859237042778116	0.0	372963	1719.448406865309	0.015674905851483345	0.75
7266.288102858322	750	29.01437191395593	0.0	405596	1844.8651288221868	0.658788800239563	0.75
7268.5693846898685	1200	30.733090082410328	0.0	586839	2281.2818315456016	0.3220357298851013	0.75
7270.971280605982	1200	32.33119416629657	0.0	601738	2401.8959161137536	0.004705176223069429	1.2
7273.181662607683	1200	34.12081216459459	0.0	616206	2210.3820017019875	0.004705176223069429	1.2
7275.950718234542	1200	35.35175653773593	0.0	656471	2769.0556268586633	0.005969308316707611	1.2
7277.880583212771	1200	37.42189155950802	0.0	536667	1929.8649782279133	0.010950460098683834	1.2
7279.782580956863	1200	39.51989381541497	0.0	587236	1901.9977440930513	0.07999901473522186	1.2
7281.5661441607235	1200	41.73633061155512	0.0	590335	1783.5632038598453	0.6494711637496948	1.2
7285.802471681503	2850	41.50000309077477	0.0	1547572	4236.327520780343	0.29599300026893616	1.2000000000000002
7289.271806261805	2850	42.03066851047357	0.0	1141971	3469.334580301207	0.004705176223069429	2.85
7294.8995236558185	2850	40.40295111646005	0.0	1498470	5627.717394013514	0.004705176223069429	2.85
7301.578888903178	2850	37.72358586910061	0.0	1561263	6679.365247359451	0.004705176223069429	2.85
7305.447177089316	2850	37.85529768296341	0.0	1341201	3868.2881861371898	0.004705176223069429	2.85
7310.74859310064	2850	36.55388167163887	0.0	1497683	5301.416011324547	0.004705176223069429	2.85
7320.21779461007	2850	31.084680162209143	0.0	1358081	9469.201509429722	0.004705176223069429	2.85
7329.850830050341	2850	25.451644721938276	0.0	1587293	9633.03544027087	0.004705176223069429	2.85
7338.253186814403	2850	21.049287957876064	0.0	1492672	8402.35676406221	0.033839620649814606	2.85
7343.964811436277	2850	19.337663336002276	0.0	1439896	5711.6246218737915	0.2071395367383957	2.85
7347.998191965416	2850	19.3042828068636	0.0	1139291	4033.3805291386734	0.004705176223069429	2.85
7353.942110754968	2850	17.36036401731114	0.0	1499009	5943.918789552461	0.004705176223069429	2.85
7360.003142482226	2850	15.299332290052105	0.0	1427478	6061.031727259037	0.004705176223069429	2.85
7368.136451978883	2850	11.166022793395896	0.0	1402287	8133.3094966562085	0.005393872037529945	2.85
7370.46790281722	1200	12.834571955058292	0.0	566904	2331.4508383376037	0.041357167065143585	-0.44999999999999996
7372.89779356291	1200	14.404681209368828	0.0	641452	2429.890745689465	0.004705176223069429	1.2
7375.117469950925	1200	16.18500482135368	0.0	599477	2219.676388015146	0.03783145919442177	1.2
7379.397018623793	1200	15.90545614848528	0.0	634861	4279.548672868401	0.6332150101661682	1.2
7382.287933181474	1200	17.01454159080366	0.0	630203	2890.9145576816222	0.013214590027928352	1.2
7384.82968294818	1200	18.47279182409792	0.0	638661	2541.749766705742	0.17939959466457367	1.2
7389.716639717229	2850	17.585835055048445	0.0	1231456	4886.956769049473	0.048865754157304764	1.2000000000000002
7394.577472111706	2850	16.725002660571416	0.0	1364537	4860.83239447703	0.004705176223069429	2.85

