17678.7562687893	750	4.0	2.3226168467032533	450283	2322.6168467032535	-1.000000082240371e-09	-9.237252440823989
17679.772116078548	300	6.984152710752376	0.0	155580	1015.8472892476235	-1.000000082240371e-09	-0.15000000000000002
17680.910187910646	300	9.84608087865267	0.0	139857	1138.0718320997075	-1.000000082240371e-09	0.3
17684.943789903686	1200	9.812478885611734	0.0	617681	4033.601993040934	-1.000000082240371e-09	0.29999999999999993
17690.399273228963	1200	8.356995560334807	0.0	652874	5455.483325276926	-1.000000082240371e-09	1.2
17693.728884791515	750	9.027383997780744	0.0	318564	3329.611562554064	-1.000000082240371e-09	0.3
17704.664617472863	1200	4.0	1.908348683567805	561791	10935.732681348549	-1.000000082240371e-09	-7.455899339341562
17706.323793572745	300	6.34082390011849	0.0	173849	1659.1760998815096	-1.000000082240371e-09	-0.6000000000000001
17707.692375074053	300	8.972242398811453	0.0	150710	1368.581501307036	-1.000000082240371e-09	0.3
17710.55736347974	750	10.107253993125271	0.0	362795	2864.988405686183	-1.000000082240371e-09	0.3
17716.506209981813	1200	8.158407491051303	0.0	607410	5948.846502073968	-1.000000082240371e-09	0.75
17721.40261564139	750	7.262001831474731	0.0	405134	4896.405659576571	-1.000000082240371e-09	0.3
17724.85101598456	750	7.813601488301729	0.0	386351	3448.4003431730025	-1.000000082240371e-09	0.75
17727.79676030002	750	8.867857172840075	0.0	434409	2945.744315461654	-1.000000082240371e-09	0.75
17730.47195985051	750	10.192657622349957	0.0	337059	2675.1995504901174	-1.000000082240371e-09	0.75
17735.10598469181	1200	9.558632781053813	0.0	587876	4634.0248412961455	-1.000000082240371e-09	0.75
17739.050619881324	1200	9.613997591539391	0.0	617242	3944.635189514422	-1.000000082240371e-09	1.2
17743.523428164794	1200	9.141189308067155	0.0	581493	4472.808283472238	-1.000000082240371e-09	1.2
17749.260298156165	1200	7.404319316696187	0.0	639204	5736.869991370968	-1.000000082240371e-09	1.2
17752.66884175609	750	7.995775716768452	0.0	350713	3408.5435999277347	-1.000000082240371e-09	0.3
17757.780650469384	750	6.883967003474905	0.0	386472	5111.808713293547	-1.000000082240371e-09	0.75
17759.91859761902	300	8.746019853839547	0.0	157812	2137.947149635358	-1.000000082240371e-09	-0.15000000000000002
17764.00071797646	750	8.663899496398463	0.0	401853	4082.1203574410843	-1.000000082240371e-09	0.3
17767.15441222774	750	9.510205245118884	0.0	343800	3153.694251279577	-1.000000082240371e-09	0.75
17773.87577521886	1200	6.788842253996435	0.0	587236	6721.36299112245	-1.000000082240371e-09	0.75
17775.436508089035	300	9.228109383824911	0.0	153938	1560.732870171525	-1.000000082240371e-09	-0.6000000000000001
17779.637439919174	1200	9.027177553688059	0.0	696376	4200.931830136852	-1.000000082240371e-09	0.29999999999999993
17782.570387044612	1200	10.09423042825026	0.0	487160	2932.947125437801	-1.000000082240371e-09	1.2
17786.40009490963	1200	10.26452256323301	0.0	622896	3829.7078650172502	-1.000000082240371e-09	1.2
17792.083425283072	1200	8.581192189794635	0.0	641447	5683.330373438374	-1.000000082240371e-09	1.2
17795.432733592734	750	9.231883880132392	0.0	358218	3349.308309662242	-1.000000082240371e-09	0.3
17800.483904202953	1200	8.180713269913664	0.0	620283	5051.170610218726	-1.000000082240371e-09	0.75
17803.71877565392	750	8.94584181894667	0.0	369834	3234.871450966995	-1.000000082240371e-09	0.3
17806.835943923932	750	9.828673548935697	0.0	412837	3117.1682700109714	-1.000000082240371e-09	0.75
17811.4245688124	1200	9.24004866046691	0.0	690253	4588.6248884687875	-1.000000082240371e-09	0.75
17815.42593705887	1200	9.238680413996281	0.0	598727	4001.3682464706294	-1.000000082240371e-09	1.2
17818.396636277816	1200	10.267981195048181	0.0	487812	2970.6992189480984	-1.000000082240371e-09	1.2
17822.333557965976	1200	10.331059506889368	0.0	575591	3936.921688158815	-1.000000082240371e-09	1.2
17826.27407599016	1200	10.390541482706759	0.0	605884	3940.5180241826083	-1.000000082240371e-09	1.2
17829.010121776402	1200	11.65449569646486	0.0	587506	2736.045786241899	-1.000000082240371e-09	1.2
17834.162277111023	1850	10.502340361843043	0.0	858450	5152.155334621816	-1.000000082240371e-09	1.2000000000000002
17837.373320031176	1200	11.291297441688773	0.0	641452	3211.0429201542674	-1.000000082240371e-09	0.5499999999999999
17843.253289281267	1850	9.411328191598834	0.0	886255	5879.969250089941	-1.000000082240371e-09	1.2000000000000002
17850.13042447034	1200	6.534193002528727	0.0	634861	6877.135189070107	-1.000000082240371e-09	0.5499999999999999
17852.303118772055	300	8.361498700810017	0.0	167025	2172.6943017187095	-1.000000082240371e-09	-0.6000000000000001
17855.787713251746	750	8.876904221119807	0.0	393804	3484.594479690211	-1.000000082240371e-09	0.3
17857.76756104619	750	10.897056426678672	0.0	331053	1979.8477944411356	-1.000000082240371e-09	0.75
17860.602007959333	1200	12.062609513532221	0.0	550906	2834.4469131464502	-1.000000082240371e-09	0.75

