13834.09239120365	750	4.0	3.478694088168143	450283	3478.694088168143	0.47220057249069214	-14.208384579123015
13835.29751837137	300	6.794872832282032	0.0	155580	1205.1271677179675	0.009719929657876492	-0.15000000000000002
13836.104711509099	300	9.987679694553293	0.0	139857	807.1931377287391	0.004705176223069429	0.3
13836.965441964705	300	13.126949238948402	0.0	155432	860.730455604892	0.07972270250320435	0.3
13839.428766733448	750	14.663624470203118	0.0	411561	2463.324768745285	0.4002734422683716	0.3
13841.407236033843	750	16.685155169808	0.0	318564	1978.4693003951193	0.5198654532432556	0.75
13843.670227168874	750	18.4221640347783	0.0	352642	2262.991135029698	0.17761293053627014	0.75
13847.619412033111	750	18.4729791705396	0.0	437162	3949.184864238706	0.2052842527627945	0.75
13851.56463870901	750	18.527752494642467	0.0	374758	3945.22667589713	0.02828037738800049	0.75
13857.391924113217	750	16.70046709043353	0.0	362795	5827.285404208937	0.006223644595593214	0.75
13862.606408053096	750	15.485983150555505	0.0	353220	5214.483939878023	0.6756705045700073	0.75
13864.668638884355	300	17.423752319295893	0.0	156148	2062.2308312596097	0.687904953956604	-0.15000000000000002
13867.823166023312	300	18.26922518034077	0.0	160746	3154.5271389551262	0.05413920432329178	0.3
13871.470559036312	300	18.621832167339736	0.0	179801	3647.3930130010317	0.012452815659344196	0.3
13873.60883498092	300	20.483556222733192	0.0	140051	2138.2759446065465	0.012182741425931454	0.3
13876.089893287148	300	22.00249791650398	0.0	138313	2481.0583062292085	0.07970935106277466	0.3
13877.397077724676	300	24.695313478975947	0.0	143509	1307.1844375280327	0.15035341680049896	0.3
13879.707074803018	750	26.38531640063333	0.0	372963	2309.9970783426165	0.20723463594913483	0.3
13882.35481416766	750	27.737577035992402	0.0	405596	2647.739364640924	0.009959804825484753	0.75
13887.241622327696	750	26.850768875955946	0.0	350713	4886.808160036458	0.0536295585334301	0.75
13892.488460348022	750	25.603930855629994	0.0	386472	5246.838020325951	0.004705176223069429	0.75
13895.876965379943	750	26.215425823710124	0.0	399894	3388.505031919869	0.004705176223069429	0.75
13900.628268441704	750	25.46412276194932	0.0	401853	4751.3030617608065	0.004705176223069429	0.75
13904.471706004215	750	25.62068519943767	0.0	343800	3843.437562511649	0.004705176223069429	0.75
13907.446466439695	750	26.645924763959112	0.0	359903	2974.760435478559	0.004705176223069429	0.75
13910.486052399712	750	27.60633880394076	0.0	379700	3039.585960018355	0.005940977018326521	0.75
13914.18166487514	750	27.91072632851436	0.0	425781	3695.6124754263988	0.007782175671309233	0.75
13916.313885861731	750	29.77850534192056	0.0	277716	2132.2209865937994	0.007301478646695614	0.75
13920.322656679135	750	29.769734524518586	0.0	400396	4008.7708174019763	0.0211721733212471	0.75
13923.986973760813	750	30.105417442839606	0.0	400508	3664.31708167898	0.0071899970062077045	0.75
13927.364272778901	750	30.72811842475315	0.0	358218	3377.2990180864585	0.014064302667975426	0.75
13930.875303812663	750	31.217087390990063	0.0	400322	3511.0310337630876	0.015562682412564754	0.75
13934.247673265396	750	31.84471793825889	0.0	369834	3372.3694527311736	0.053600750863552094	0.75
13938.374111617017	750	31.718279586636367	0.0	412837	4126.438351622522	0.07020484656095505	0.75
13941.812491992956	750	32.279899210697245	0.0	401088	3438.3803759391226	0.03813484311103821	0.75
13945.370615988893	750	32.7217752147598	0.0	365161	3558.123995937443	0.23274323344230652	0.75
13949.156095011956	750	32.93629619169676	0.0	321064	3785.4790230630383	0.38059374690055847	0.75
13952.992881556796	750	33.09950964685799	0.0	361565	3836.7865448387697	0.23906175792217255	0.75
13956.903447830822	750	33.18894337283126	0.0	378327	3910.5662740267335	0.4737720489501953	0.75
13961.137502026095	750	32.95488917755925	0.0	390680	4234.054195272005	0.6794772744178772	0.75
13967.383858179259	1200	30.708533024395564	0.0	566904	6246.356153163683	0.6871709823608398	0.75
13973.790069792745	1200	28.302321410908085	0.0	641452	6406.2116134874805	0.022379059344530106	1.2
13979.614728014189	1200	26.477663189466128	0.0	599477	5824.658221441953	0.014853205531835556	1.2
13985.805020022808	1200	24.287371180845845	0.0	634861	6190.292008620284	0.011310389265418053	1.2
13992.342865391583	1200	21.749525812069074	0.0	630203	6537.845368776772	0.009358886629343033	1.2
13996.769292107358	1200	21.32309909629683	0.0	638661	4426.426715772245	0.01850137859582901	1.2
14001.954081699983	1200	20.13830950366855	0.0	538612	5184.789592628277	0.004705176223069429	1.2
14009.308503892922	1200	16.783887310729913	0.0	550906	7354.42219293864	0.00557201262563467	1.2

