20116.016836024577	750	4.0	2.7931852023610926	450283	2793.1852023610927	-1.000000082240371e-09	-11.260696370152697
20116.65619867766	300	7.360637346917347	0.0	155580	639.3626530826534	-1.000000082240371e-09	-0.15000000000000002
20117.957732675113	750	10.05910334946829	0.0	350812	1301.5339974490587	-1.000000082240371e-09	0.3
20119.915833320218	1200	12.101002704363095	0.0	617681	1958.1006451051946	-1.000000082240371e-09	0.75
20123.83047310003	1850	12.186362924548552	0.0	996749	3914.639779814542	-1.000000082240371e-09	1.2000000000000002
20127.34257325989	1850	12.674262764691749	0.0	801058	3512.100159856803	-1.000000082240371e-09	1.85
20131.073079265956	1850	12.943756758624826	0.0	905515	3730.506006066922	-1.000000082240371e-09	1.85
20138.179350440103	1850	9.837485584476475	0.0	1060487	7106.271174148352	-1.000000082240371e-09	1.85
20146.236072996147	1200	5.78076302843437	0.0	584846	8056.722556042106	-1.000000082240371e-09	0.5499999999999999
20148.615967298712	300	7.4008687258701125	0.0	139105	2379.8943025642575	-1.000000082240371e-09	-0.6000000000000001
20153.10116190284	750	6.915674121741124	0.0	353220	4485.194604128988	-1.000000082240371e-09	0.3
20154.305925522214	300	9.710910502365627	0.0	156148	1204.7636193754959	-1.000000082240371e-09	-0.15000000000000002
20158.312507913823	1200	9.704328110756283	0.0	624282	4006.5823916093436	-1.000000082240371e-09	0.29999999999999993
20161.830368196217	1200	10.186467828363512	0.0	687371	3517.8602823927718	-1.000000082240371e-09	1.2
20165.765310866555	1200	10.251525158027128	0.0	526950	3934.9426703363815	-1.000000082240371e-09	1.2
20168.47178295606	1200	11.545053068518698	0.0	587876	2706.472089508433	-1.000000082240371e-09	1.2
20172.288024899914	1850	11.728811124662752	0.0	966699	3816.241943855945	-1.000000082240371e-09	1.2000000000000002
20175.767596183363	1850	12.249239841213548	0.0	885714	3479.5712834492033	-1.000000082240371e-09	1.85
20178.570354587242	1850	13.446481437334144	0.0	987708	2802.758403879403	-1.000000082240371e-09	1.85
20182.981236721538	2850	13.035599303038985	0.0	1336050	4410.88213429516	-1.000000082240371e-09	1.85
20187.707793896676	2850	12.309042127902702	0.0	1415116	4726.557175136284	-1.000000082240371e-09	2.85
20190.824823654166	1850	13.192012370409989	0.0	955231	3117.0297574927113	-1.000000082240371e-09	0.8500000000000001
20197.35997790359	2850	10.656858120989563	0.0	1505760	6535.154249420427	-1.000000082240371e-09	1.85
20199.89774412225	1200	12.11909190233073	0.0	536667	2537.7662186588327	-1.000000082240371e-09	-0.44999999999999996
20204.00380449113	1850	12.013031533446108	0.0	897976	4106.060368884622	-1.000000082240371e-09	1.2000000000000002
20207.359634709348	1850	12.657201315231518	0.0	905935	3355.8302182145912	-1.000000082240371e-09	1.85
20212.14227184794	1850	11.874564176638048	0.0	1076599	4782.63713859347	-1.000000082240371e-09	1.85
20214.525309358145	1850	13.491526666431676	0.0	758197	2383.037510206369	-1.000000082240371e-09	1.85
20220.660378529272	2850	11.356457495305873	0.0	1498470	6135.069171125805	-1.000000082240371e-09	1.85
20224.92003692109	1850	11.09679910349023	0.0	975811	4259.658391815642	-1.000000082240371e-09	0.8500000000000001
20228.364056676895	1850	11.65277934768353	0.0	873429	3444.0197558067	-1.000000082240371e-09	1.85
20232.019540211175	1850	11.997295813402916	0.0	954453	3655.4835342806145	-1.000000082240371e-09	1.85
20235.618891298516	1850	12.397944726059254	0.0	885062	3599.3510873436608	-1.000000082240371e-09	1.85
20241.91462181186	1850	10.102214212717536	0.0	1035329	6295.73051334172	-1.000000082240371e-09	1.85
20244.17683767716	1200	11.839998347413164	0.0	690253	2262.2158653043716	-1.000000082240371e-09	0.5499999999999999
20247.30351317928	1850	12.713322845297258	0.0	943942	3126.675502115905	-1.000000082240371e-09	1.2000000000000002
20249.72155681554	1850	14.295279209033932	0.0	728962	2418.0436362633272	-1.000000082240371e-09	1.85
20254.782236279458	2850	13.234599745116775	0.0	1499009	5060.679463917158	-1.000000082240371e-09	1.85
20258.748464949516	2850	13.26837107505801	0.0	1427478	3966.2286700587642	-1.000000082240371e-09	2.85
20265.23004819128	2850	10.786787833291818	0.0	1402287	6481.583241766191	-1.000000082240371e-09	2.85
20268.602388849857	1200	11.414447174714223	0.0	566904	3372.340658577596	-1.000000082240371e-09	-0.44999999999999996
20273.61410494533	1850	10.40273107924403	0.0	1025005	5011.716095470194	-1.000000082240371e-09	1.2000000000000002
20277.802228556695	1200	10.214607467875464	0.0	599477	4188.123611368567	-1.000000082240371e-09	0.5499999999999999
20280.350314409086	1200	11.666521615485905	0.0	634861	2548.0858523895595	-1.000000082240371e-09	1.2
20283.11203576187	1850	12.904800262699752	0.0	958994	2761.721352786154	-1.000000082240371e-09	1.2000000000000002
20285.871393001915	1850	14.145443022657354	0.0	982064	2759.3572400423977	-1.000000082240371e-09	1.85
20290.374545272498	2850	13.642290752072068	0.0	1231456	4503.152270585286	-1.000000082240371e-09	1.85
20299.326583381273	2850	8.690252643297228	0.0	1364537	8952.03810877484	-1.000000082240371e-09	2.85

