1419.9434984907602	750	4.0	3.383176362969059	450283	3383.176362969059	0.662192702293396	-13.797658360766953
1422.0688304279613	300	5.874668062799087	0.0	155580	2125.331937200913	0.013527565635740757	-0.15000000000000002
1424.409073476204	300	7.534425014556251	0.0	139857	2340.2430482428354	0.004705176223069429	0.3
1426.2371192248972	300	9.706379265862852	0.0	155432	1828.0457486933983	0.004705176223069429	0.3
1427.43731689069	300	12.506181600070137	0.0	163442	1200.1976657927155	0.004705176223069429	0.3
1428.4363134742043	300	15.507185016555857	0.0	126289	998.9965835142789	0.09010805189609528	0.3
1429.5925173538328	300	18.350981136927512	0.0	153295	1156.203879628345	0.5921129584312439	0.3
1432.7647714877326	750	19.178727003027646	0.0	437162	3172.2541338998676	0.5584349632263184	0.3
1435.8060167074839	750	20.137481783276375	0.0	374758	3041.2452197512744	0.027783742174506187	0.75
1438.9710349358345	750	20.97246355492571	0.0	362795	3165.018228350661	0.010348927229642868	0.75
1441.9301273465048	750	22.013371144255352	0.0	353220	2959.092410670361	0.005885900463908911	0.75
1448.0182389792517	750	19.925259511508767	0.0	405134	6088.111632746583	0.008262907154858112	0.75
1451.844014462173	750	20.099484028587423	0.0	386351	3825.7754829213445	0.031109236180782318	0.75
1454.947877080276	750	20.995621410484446	0.0	434409	3103.8626181029776	0.004705176223069429	0.75
1457.2073126320297	750	22.73618585873077	0.0	337059	2259.435551753677	0.007406783290207386	0.75
1459.5406348694298	750	24.40286362133076	0.0	366214	2333.3222374000147	0.022678088396787643	0.75
1462.313001302245	750	25.630497188515402	0.0	360831	2772.3664328153586	0.07177922129631042	0.75
1465.367455659848	750	26.57604283091247	0.0	372963	3054.454357602931	0.023778779432177544	0.75
1468.577384505227	750	27.366113985533396	0.0	405596	3209.928845379074	0.016974372789263725	0.75
1470.6515265566156	750	29.291971934144552	0.0	350713	2074.1420513888424	0.015168651938438416	0.75
1473.097012517077	750	30.846485973683425	0.0	386472	2445.4859604611247	0.4117213487625122	0.75
1475.943440917338	750	32.00005757342233	0.0	399894	2846.4284002610966	0.6346064805984497	0.75
1478.6892048685352	750	33.254293622224964	0.0	401853	2745.763951197367	0.5556223392486572	0.75
1481.0592307936743	750	34.8842676970859	0.0	343800	2370.025925139057	0.6303558349609375	0.75
1483.5324980610121	750	36.4110004297481	0.0	359903	2473.2672673378042	0.6507240533828735	0.75
1487.6613138828195	1200	36.28218460794053	0.0	590335	4128.815821807571	0.6787842512130737	0.75
1492.7489173486206	1200	35.194581142139725	0.0	696376	5087.603465800809	0.00861708540469408	1.2
1496.187383439537	1200	35.756115051223404	0.0	487160	3438.4660909163226	0.010719450190663338	1.2
1503.883511777819	1200	32.0599867129413	0.0	622896	7696.1283382820975	0.00831528939306736	1.2
1507.0298773794516	750	32.91362111130865	0.0	400508	3146.365601632651	0.6363153457641602	0.3
1512.2607747614745	750	31.68272372928586	0.0	358218	5230.897382022792	0.2806885838508606	0.75
1515.3455140894414	750	32.59798440131889	0.0	400322	3084.739327966974	0.006751006003469229	0.75
1517.8517484227891	750	34.09175006797114	0.0	369834	2506.23433334775	0.2336769700050354	0.75
1521.2161306327391	750	34.727367858021346	0.0	412837	3364.3822099497875	0.6825004816055298	0.75
1524.562525028167	750	35.38097346259338	0.0	401088	3346.394395427964	0.5281646251678467	0.75
1530.0408814376913	1200	33.90261705306938	0.0	598727	5478.356409524	0.6929195523262024	0.75
1537.1192877407495	1200	30.824210750010927	0.0	487812	7078.406303058453	0.02818816527724266	1.2
1541.2554998592802	1200	30.687998631480397	0.0	575591	4136.212118530531	0.44045692682266235	1.2
1545.1503268294186	1200	30.793171661342154	0.0	605884	3894.8269701382465	0.0059657529927790165	1.2
1549.4927870804165	1200	30.45071141034413	0.0	587506	4342.460250998022	0.004705176223069429	1.2
1554.2334478227629	1200	29.710050667997617	0.0	566904	4740.660742346512	0.004705176223069429	1.2
1558.0257386222397	1200	29.917759868520786	0.0	641452	3792.2907994768316	0.004705176223069429	1.2
1562.1425271664561	1200	29.800971324304346	0.0	599477	4116.7885442164425	0.010546327568590641	1.2
1566.5049599255751	1200	29.43853856518542	0.0	634861	4362.432759118921	0.019235048443078995	1.2
1570.7445545181126	1200	29.198943972647964	0.0	630203	4239.594592537457	0.05560661107301712	1.2
1575.2085248367653	1200	28.734973653995343	0.0	638661	4463.970318652621	0.1923203319311142	1.2
1579.2870902385835	1200	28.656408252177286	0.0	538612	4078.5654018180576	0.49453529715538025	1.2
1583.1163066379827	1200	28.827191852778256	0.0	550906	3829.2163993990316	0.6260876655578613	1.2

