25356.629629208182	750	4.0	2.7857807865153212	450283	2785.7807865153213	0.016728060320019722	-11.228857382015882
25357.891572897173	300	6.738056311008653	0.0	155580	1261.9436889913468	0.2102155089378357	-0.15000000000000002
25358.66275129173	300	9.966877916450935	0.0	139857	771.1783945577192	0.004705176223069429	0.3
25359.393226293043	300	13.236402915138726	0.0	155432	730.4750013122085	0.26851627230644226	0.3
25360.99610131578	750	15.633527892400807	0.0	411561	1602.8750227379187	0.14844557642936707	0.3
25363.92356605774	1200	16.706063150444344	0.0	520315	2927.464741956461	0.010463313199579716	0.75
25366.495820243297	1200	18.13380896488344	0.0	561791	2572.2541855609056	0.007843581028282642	1.2
25369.472717035427	1200	19.156912172753472	0.0	709534	2976.8967921299673	0.0052052768878638744	1.2
25372.24676471766	1200	20.38286449052211	0.0	584846	2774.0476822313635	0.004705176223069429	1.2
25374.736204881174	1200	21.893424327009352	0.0	560821	2489.440163512753	0.004705176223069429	1.2
25377.895828225686	1200	22.73380098249659	0.0	607410	3159.6233445127664	0.004705176223069429	1.2
25381.199479450024	1200	23.43014975816036	0.0	594078	3303.651224336226	0.004705176223069429	1.2
25384.40722663722	1200	24.222402570962924	0.0	624282	3207.7471871974367	0.004705176223069429	1.2
25388.537567826825	1200	24.092061381358768	0.0	687371	4130.341189604158	0.004705176223069429	1.2
25391.386552543067	1200	25.243076665119442	0.0	526950	2848.9847162393253	0.005130324978381395	1.2
25394.20263857012	1200	26.426990638065245	0.0	587876	2816.0860270541957	0.004705176223069429	1.2
25397.026030360812	1200	27.60359884737694	0.0	617242	2823.3917906883075	0.004705176223069429	1.2
25399.961457344827	1200	28.668171863361355	0.0	581493	2935.4269840155835	0.004705176223069429	1.2
25403.222461524667	1200	29.407167683523234	0.0	639204	3261.0041798381208	0.004705176223069429	1.2
25406.12446960183	1200	30.50515960635838	0.0	586839	2902.0080771648586	0.004705176223069429	1.2
25409.200261333237	1200	31.42936787494989	0.0	601738	3075.7917314084893	0.004705176223069429	1.2
25411.796405199766	1200	32.833224008423095	0.0	616206	2596.143866526795	0.004705176223069429	1.2
25414.879109510995	1200	33.75051969719212	0.0	656471	3082.7043112309775	0.004705176223069429	1.2
25417.495700510997	1200	35.1339286971916	0.0	536667	2616.5910000005133	0.004705176223069429	1.2
25420.53773316462	1200	36.0918960435686	0.0	587236	3042.032653622996	0.004705176223069429	1.2
25423.178091274265	1200	37.45153793392441	0.0	590335	2640.358109644195	0.004705176223069429	1.2
25427.792018283613	1200	36.837610924577746	0.0	696376	4613.927009346658	0.005889843683689833	1.2
25430.4451937813	1200	38.184435426891405	0.0	487160	2653.175497686348	0.004705176223069429	1.2
25433.2418920984	1200	39.38773710979053	0.0	622896	2796.698317100873	0.004705176223069429	1.2
25437.2410826983	1200	39.38854650988634	0.0	641447	3999.1905999041865	0.012578331865370274	1.2
25441.83378388596	1200	38.795845322228175	0.0	570392	4592.701187658167	0.004941996652632952	1.2
25446.597522928758	1200	38.03210627942821	0.0	620283	4763.739042799965	0.004705176223069429	1.2
25451.01631133855	1200	37.6133178696366	0.0	584349	4418.78840979161	0.004705176223069429	1.2
25455.044902072117	1200	37.58472713606935	0.0	670129	4028.5907335672514	0.004705176223069429	1.2
25458.032719603376	1200	38.59690960481294	0.0	690253	2987.8175312564076	0.004705176223069429	1.2
25460.821212868606	1200	39.808416339582024	0.0	598727	2788.4932652309253	0.0750497579574585	1.2
25466.02561788183	2850	38.604011326356634	0.0	1139291	5204.405013225393	0.6892801523208618	1.2000000000000002
25473.048216678006	2850	35.581412530183115	0.0	1499009	7022.598796173517	0.004705176223069429	2.85
25479.714913331187	2850	32.91471587700065	0.0	1427478	6666.69665318247	0.004705176223069429	2.85
25489.352555619407	2850	27.27707358877988	0.0	1402287	9637.642288220772	0.004705176223069429	2.85
25498.6064265255	2850	22.023202682687028	0.0	1339500	9253.870906092852	0.004705176223069429	2.85
25514.444656094336	2850	10.184973113851868	0.0	1527299	15838.22956883516	0.01289284322410822	2.85
25518.299936744876	750	10.32969246330925	0.0	372093	3855.2806505426183	0.7018597722053528	-1.35
25523.568202918425	750	9.061426289760863	0.0	438281	5268.266173548384	0.05078481137752533	0.75
25525.355902858842	300	11.273726349343004	0.0	167025	1787.6999404178596	0.30236491560935974	-0.15000000000000002
25526.841492756583	300	13.788136451602517	0.0	160064	1485.589897740486	0.4621332883834839	0.3
25529.252001467612	750	15.377627740575255	0.0	331053	2410.5087110272625	0.015932565554976463	0.3
25533.916606745057	1200	14.713022463128558	0.0	550906	4664.605277446697	0.6926450133323669	0.75

