7738.028737118935	750	4.0	7.528019682657206	450283	7528.0196826572055	-1.000000082240371e-09	-31.62048463542598
7740.325091372006	300	5.7036457469296495	0.0	155580	2296.3542530703508	-1.000000082240371e-09	-0.15000000000000002
7742.330297043459	300	7.698440075476701	0.0	139857	2005.2056714529485	-1.000000082240371e-09	0.3
7749.102936890099	750	4.925800228835715	0.0	382355	6772.639846640986	-1.000000082240371e-09	0.3
7751.974306818864	300	6.05443030007196	0.0	163442	2871.3699287637546	-1.000000082240371e-09	-0.15000000000000002
7754.166843023387	300	7.861894095549013	0.0	126289	2192.536204522948	-1.000000082240371e-09	0.3
7759.294699648487	750	6.734037470448276	0.0	352642	5127.856625100737	-1.000000082240371e-09	0.3
7761.223375158967	300	8.805361959968035	0.0	173849	1928.6755104802394	-1.000000082240371e-09	-0.15000000000000002
7764.920505606642	750	9.108231512293532	0.0	374758	3697.130447674502	-1.000000082240371e-09	0.3
7770.710649398304	1200	7.318087720632023	0.0	560821	5790.14379166151	-1.000000082240371e-09	0.75
7774.525984309955	750	7.502752808980601	0.0	353220	3815.334911651422	-1.000000082240371e-09	0.3
7779.159785621285	750	6.86895149765099	0.0	405134	4633.801311329611	-1.000000082240371e-09	0.75
7781.066280351909	300	8.962456767026536	0.0	160746	1906.4947306244526	-1.000000082240371e-09	-0.15000000000000002
7786.55114758554	750	7.4775895333957445	0.0	434409	5484.867233630793	-1.000000082240371e-09	0.3
7791.319105887057	750	6.709631231878166	0.0	337059	4767.958301517578	-1.000000082240371e-09	0.75
7793.611774070551	300	8.416963048383433	0.0	138313	2292.668183494733	-1.000000082240371e-09	-0.15000000000000002
7798.357849356725	750	7.670887762209715	0.0	360831	4746.075286173718	-1.000000082240371e-09	0.3
7803.785762944409	750	6.24297417452569	0.0	372963	5427.9135876840255	-1.000000082240371e-09	0.75
7805.547665774901	300	8.481071344033154	0.0	165384	1761.9028304925355	-1.000000082240371e-09	-0.15000000000000002
7809.512790230621	750	8.515946888313376	0.0	350713	3965.124455719779	-1.000000082240371e-09	0.3
7814.185377868395	750	7.8433592505393195	0.0	386472	4672.587637774056	-1.000000082240371e-09	0.75
7818.743631627312	750	7.285105491621336	0.0	399894	4558.253758917984	-1.000000082240371e-09	0.75
7823.597166952327	750	6.431570166607729	0.0	401853	4853.535325013607	-1.000000082240371e-09	0.75
7825.369610402078	300	8.659126716856488	0.0	137654	1772.4434497512416	-1.000000082240371e-09	-0.15000000000000002
7829.3770059649705	750	8.651731153965049	0.0	359903	4007.3955628914387	-1.000000082240371e-09	0.3
7834.165942781699	750	7.8627943372353934	0.0	379700	4788.936816729655	-1.000000082240371e-09	0.75
7838.810245319402	750	7.218491799532778	0.0	425781	4644.302537702616	-1.000000082240371e-09	0.75
7841.82717273151	750	8.201564387426064	0.0	277716	3016.927412106713	-1.000000082240371e-09	0.75
7846.9860262687525	750	7.042710850183527	0.0	400396	5158.853537242538	-1.000000082240371e-09	0.75
7851.867174878834	750	6.161562240102392	0.0	400508	4881.148610081134	-1.000000082240371e-09	0.75
7853.702054159909	300	8.326682959027867	0.0	157421	1834.8792810745258	-1.000000082240371e-09	-0.15000000000000002
7857.534671132587	750	8.494065986348177	0.0	400322	3832.6169726796893	-1.000000082240371e-09	0.3
7861.42393834113	750	8.604798777805604	0.0	369834	3889.2672085425743	-1.000000082240371e-09	0.75
7865.613992890992	750	8.414744227943611	0.0	412837	4190.054549861992	-1.000000082240371e-09	0.75
7869.881551942071	750	8.147185176864403	0.0	401088	4267.559051079209	-1.000000082240371e-09	0.75
7874.061723455954	750	7.967013662981217	0.0	365161	4180.171513883185	-1.000000082240371e-09	0.75
7876.916165773141	750	9.112571345794446	0.0	321064	2854.4423171867716	-1.000000082240371e-09	0.75
7882.059806150263	1200	7.968930968672638	0.0	575591	5143.640377121807	-1.000000082240371e-09	0.75
7885.501920973839	750	8.526816145096877	0.0	378327	3442.1148235757623	-1.000000082240371e-09	0.3
7890.0648161374	750	7.963920981536042	0.0	390680	4562.895163560835	-1.000000082240371e-09	0.75
7894.153344160372	750	7.875392958563991	0.0	345516	4088.528022972051	-1.000000082240371e-09	0.75
7897.2157544689635	750	8.812982649972952	0.0	384505	3062.4103085910388	-1.000000082240371e-09	0.75
7899.815361057747	750	10.213376061189143	0.0	372093	2599.606588783808	-1.000000082240371e-09	0.75
7904.29152022614	1200	9.737216892795837	0.0	634861	4476.159168393307	-1.000000082240371e-09	0.75
7909.340290856571	1200	8.688446262365263	0.0	630203	5048.770630430574	-1.000000082240371e-09	1.2
7913.344460985067	750	8.684276133870213	0.0	393804	4004.170128495051	-1.000000082240371e-09	0.3
7918.297006887387	750	7.731730231549414	0.0	331053	4952.545902320799	-1.000000082240371e-09	0.75
7923.861337658562	750	6.167399460375564	0.0	314107	5564.330771173851	-1.000000082240371e-09	0.75

