2055.2787680055058	750	4.0	4.264022486880352	450283	4264.022486880352	-1.000000082240371e-09	-17.585296693585512
2056.532349001102	300	6.746419004404097	0.0	155580	1253.5809955959026	-1.000000082240371e-09	-0.15000000000000002
2057.6924415515746	300	9.586326453931424	0.0	139857	1160.0925504726724	-1.000000082240371e-09	0.3
2071.142436988571	1200	4.0	3.8636689830651374	617681	13449.995436996562	-1.000000082240371e-09	-16.31377662718009
2075.953186778346	300	4.0	0.8107497897753884	163442	4810.749789775388	-1.000000082240371e-09	-4.0862240960341705
2079.369082817993	300	4.584103960353573	0.0	126289	3415.8960396464263	-1.000000082240371e-09	0.3
2081.683722905742	300	6.269463872604375	0.0	153295	2314.6400877491983	-1.000000082240371e-09	0.3
2083.403195573916	300	8.549991204430146	0.0	173849	1719.4726681742316	-1.000000082240371e-09	0.3
2086.4930039683395	750	9.460182810006346	0.0	374758	3089.808394423799	-1.000000082240371e-09	0.3
2094.7048437129674	1200	5.248343065378745	0.0	560821	8211.839744627601	-1.000000082240371e-09	0.75
2096.5528286776994	300	7.400358100646559	0.0	141840	1847.9849647321867	-1.000000082240371e-09	-0.6000000000000001
2100.4333345363316	750	7.519852242014342	0.0	405134	3880.505858632217	-1.000000082240371e-09	0.3
2103.092846060485	750	8.860340717861055	0.0	386351	2659.511524153288	-1.000000082240371e-09	0.75
2108.8867151344857	750	7.066471643860492	0.0	434409	5793.869074000562	-1.000000082240371e-09	0.75
2111.927893963098	750	8.025292815248186	0.0	337059	3041.178828612307	-1.000000082240371e-09	0.75
2115.30182478673	750	8.65136199161642	0.0	366214	3373.930823631765	-1.000000082240371e-09	0.75
2122.155789988147	750	5.79739679019959	0.0	360831	6853.9652014168305	-1.000000082240371e-09	0.75
2123.9625100442854	300	7.990676734060803	0.0	150616	1806.7200561387872	-1.000000082240371e-09	-0.15000000000000002
2128.017594441766	750	7.93559233658043	0.0	405596	4055.084397480373	-1.000000082240371e-09	0.3
2133.4109952340204	750	6.542191544325861	0.0	350713	5393.40079225457	-1.000000082240371e-09	0.75
2135.1393713019665	300	8.81381547637978	0.0	157671	1728.3760679460813	-1.000000082240371e-09	-0.15000000000000002
2139.413612250199	750	8.539574528147416	0.0	399894	4274.240948232363	-1.000000082240371e-09	0.3
2144.81458668957	750	7.138600088776423	0.0	401853	5400.9744393709925	-1.000000082240371e-09	0.75
2148.4477937023044	750	7.505393076042032	0.0	343800	3633.207012734392	-1.000000082240371e-09	0.75
2151.7193949454936	750	8.233791832852901	0.0	359903	3271.6012431891313	-1.000000082240371e-09	0.75
2155.151811522719	750	8.801375255627194	0.0	379700	3432.416577225708	-1.000000082240371e-09	0.75
2158.957122976957	750	8.996063801388944	0.0	425781	3805.3114542382496	-1.000000082240371e-09	0.75
2161.652438868467	750	10.300747909879197	0.0	277716	2695.315891509746	-1.000000082240371e-09	0.75
2169.2630150246405	1200	6.690171753705796	0.0	622896	7610.576156173402	-1.000000082240371e-09	0.75
2170.8424830249023	300	9.110703753444021	0.0	149029	1579.4680002617758	-1.000000082240371e-09	-0.6000000000000001
2176.4746273104583	1200	7.478559467887504	0.0	570392	5632.144285556517	-1.000000082240371e-09	0.29999999999999993
2180.13453162253	750	7.818655155816042	0.0	400322	3659.904312071461	-1.000000082240371e-09	0.3
2184.3439947852394	750	7.609191993106659	0.0	369834	4209.463162709383	-1.000000082240371e-09	0.75
2195.2420713650463	750	4.0	3.2888845867002847	412837	10898.076579806944	-1.000000082240371e-09	-13.392203722811225
2200.675541921738	300	4.0	1.433470556691973	179328	5433.470556691973	-1.000000082240371e-09	-6.313923393775484
2204.0023154171295	300	4.67322650460843	0.0	159914	3326.7734953915697	-1.000000082240371e-09	0.3
2205.781620809116	300	6.8939211126222535	0.0	131610	1779.305391986177	-1.000000082240371e-09	0.3
2207.0212044319073	300	9.654337489831054	0.0	124011	1239.5836227912005	-1.000000082240371e-09	0.3
2212.3978790005553	1200	8.27766292118296	0.0	605884	5376.674568648094	-1.000000082240371e-09	0.29999999999999993
2219.1460550856536	750	5.529486836084799	0.0	390680	6748.176085098161	-1.000000082240371e-09	0.3
2220.9052888720175	300	7.7702530497205835	0.0	147968	1759.233786364216	-1.000000082240371e-09	-0.15000000000000002
2224.401154966659	750	8.274386955079	0.0	384505	3495.866094641584	-1.000000082240371e-09	0.3
2227.018863453711	750	9.656678468026469	0.0	372093	2617.7084870525314	-1.000000082240371e-09	0.75
2234.760608364765	1200	5.914933556972683	0.0	634861	7741.7449110537855	-1.000000082240371e-09	0.75
2235.979619005255	300	8.695922916482626	0.0	167025	1219.0106404900557	-1.000000082240371e-09	-0.6000000000000001
2240.311755118001	750	8.363786803736422	0.0	393804	4332.136112746204	-1.000000082240371e-09	0.3
2246.708638860784	750	5.966903060953875	0.0	331053	6396.883742782547	-1.000000082240371e-09	0.75
2247.8037754114016	300	8.87176651033647	0.0	118421	1095.1365506174056	-1.000000082240371e-09	-0.15000000000000002

