719.0957022395864	750	4.0	6.8100179178166504	450283	6810.017917816651	0.01792224682867527	-28.533077046611595
720.2600175399052	300	6.835684699681131	0.0	155580	1164.3153003188686	0.004705176223069429	-0.15000000000000002
721.218151091327	300	9.877551148259398	0.0	139857	958.1335514217336	0.004705176223069429	0.3
722.3472145342167	300	12.748487705369673	0.0	155432	1129.0634428897242	0.004705176223069429	0.3
723.6419916728713	300	15.453710566715028	0.0	163442	1294.7771386546447	0.11346885561943054	0.3
724.6085802385328	300	18.48712200105353	0.0	126289	966.5885656614953	0.6967495679855347	0.3
727.0847299905947	750	20.010972248991575	0.0	352642	2476.1497520619605	0.6267287731170654	0.3
730.2029763709716	750	20.892725868614665	0.0	437162	3118.2463803769087	0.038884881883859634	0.75
732.8763384499824	750	22.219363789603744	0.0	374758	2673.362079010919	0.04335398226976395	0.75
735.6583573372355	750	23.437344902350585	0.0	362795	2782.018887253157	0.10730108618736267	0.75
738.9988325656351	750	24.096869673951108	0.0	353220	3340.475228399479	0.06827447563409805	0.75
742.2134186822195	750	24.882283557366677	0.0	405134	3214.5861165844303	0.013804242946207523	0.75
745.1995309729429	750	25.89617126664348	0.0	386351	2986.1122907231997	0.019141947850584984	0.75
748.5804112612013	750	26.515290978384908	0.0	434409	3380.8802882585746	0.022443316876888275	0.75
751.3401723081279	750	27.75552993145846	0.0	337059	2759.7610469264455	0.035496633499860764	0.75
754.2483904011153	750	28.84731183847102	0.0	366214	2908.218092987445	0.027768723666667938	0.75
757.9386366154388	750	29.1570656241476	0.0	360831	3690.246214323418	0.03129955008625984	0.75
763.2837244051026	750	27.81197783448378	0.0	372963	5345.0877896638185	0.009265006519854069	0.75
767.8051546551197	750	27.290547584466523	0.0	405596	4521.430250017255	0.004705176223069429	0.75
770.8794121446774	750	28.216290094908956	0.0	350713	3074.257489557568	0.004705176223069429	0.75
774.6341874509669	750	28.461514788619418	0.0	386472	3754.7753062895404	0.006428430788218975	0.75
778.6323867315962	750	28.463315507990078	0.0	399894	3998.199280629337	0.005338451825082302	0.75
782.5906750196539	750	28.50502721993243	0.0	401853	3958.288288057651	0.004705176223069429	0.75
785.9761965512471	750	29.1195056883393	0.0	343800	3385.52153159313	0.004705176223069429	0.75
789.2489072084003	750	29.846795031186026	0.0	359903	3272.7106571532718	0.004705176223069429	0.75
792.7007224028342	750	30.394979836752114	0.0	379700	3451.8151944339124	0.00589758763089776	0.75
797.0854922221458	750	30.010210017440535	0.0	425781	4384.769819311578	0.0071155475452542305	0.75
801.6233859936314	750	29.472316245955	0.0	277716	4537.893771485534	0.006202265154570341	0.75
806.002953098664	750	29.092749140922425	0.0	400396	4379.567105032576	0.004705176223069429	0.75
810.2970683702633	750	28.798633869323012	0.0	400508	4294.115271599412	0.004705176223069429	0.75
814.182409118575	750	28.913293121011236	0.0	358218	3885.340748311777	0.004705176223069429	0.75
818.825544180843	750	28.270158058743203	0.0	400322	4643.135062268031	0.004752584267407656	0.75
827.9544345535395	750	23.14126768604673	0.0	369834	9128.890372696473	0.004705176223069429	0.75
835.700317342488	750	19.395384897098236	0.0	412837	7745.8827889484955	0.04089934006333351	0.75
838.8330456857801	750	20.262656553806124	0.0	401088	3132.728343292112	0.19002923369407654	0.75
841.3664332385875	750	21.729269000998656	0.0	365161	2533.3875528074727	0.004705176223069429	0.75
845.4395633910513	750	21.656138848534948	0.0	321064	4073.1301524637065	0.04347693547606468	0.75
848.0157682920562	750	23.079933947529913	0.0	361565	2576.2049010050355	0.004827083088457584	0.75
850.454223880764	750	24.64147835882219	0.0	378327	2438.455588707722	0.06853938102722168	0.75
852.7773648039234	750	26.31833743566273	0.0	390680	2323.1409231594603	0.6333494186401367	0.75
856.1056499268007	1200	26.990052312785547	0.0	566904	3328.2851228771815	0.07303108274936676	0.75
860.5530912180452	1200	26.54261102154095	0.0	641452	4447.441291244598	0.005719693843275309	1.2
865.7897660085399	1200	25.305936231046275	0.0	599477	5236.674790494675	0.004705176223069429	1.2
871.1237582143531	1200	23.97194402523315	0.0	634861	5333.992205813127	0.004705176223069429	1.2
876.7366148296986	1200	22.359087409887707	0.0	630203	5612.85661534544	0.004705176223069429	1.2
881.4299922866122	1200	21.665709952974133	0.0	638661	4693.377456913577	0.004705176223069429	1.2
886.4590320871428	1200	20.636670152443504	0.0	538612	5029.039800530629	0.0061105419881641865	1.2
890.9724667395064	1200	20.12323550007984	0.0	550906	4513.434652363665	0.004705176223069429	1.2

