10241.000069698206	750	4.0	2.54228302815134	450283	2542.28302815134	0.6905919313430786	-10.181817021050762
10241.83949052478	300	7.160579173426026	0.0	155580	839.4208265739742	0.5526668429374695	-0.15000000000000002
10242.474632713353	300	10.525436984853442	0.0	139857	635.1421885725827	0.0443713553249836	0.3
10243.899370531735	750	13.10069916646988	0.0	382355	1424.7378183835626	0.2657211124897003	0.3
10247.026523352473	1200	13.973546345732565	0.0	652874	3127.1528207373135	0.008916526101529598	0.75
10249.173936444564	1200	15.826133253642718	0.0	520315	2147.413092089848	0.004705176223069429	1.2
10251.521200729216	1200	17.478868968990547	0.0	561791	2347.2642846521694	0.004705176223069429	1.2
10254.498642186525	1200	18.501427511681207	0.0	709534	2977.4414573093404	0.004705176223069429	1.2
10259.07557008355	1200	17.924499614654007	0.0	584846	4576.927897027197	0.004705176223069429	1.2
10271.596259981841	1200	9.403809716365087	0.0	560821	12520.68989828892	0.013896001502871513	1.2
10274.293102503836	300	10.706967194370652	0.0	141840	2696.8425219944343	0.004705176223069429	-0.6000000000000001
10276.299983947258	300	12.700085750949073	0.0	156148	2006.8814434215803	0.004705176223069429	0.3
10277.68559980052	300	15.314469897688141	0.0	160746	1385.6158532609306	0.004705176223069429	0.3
10279.227007005034	300	17.773062693173603	0.0	179801	1541.4072045145342	0.03982511907815933	0.3
10282.625896083115	750	18.374173615092655	0.0	337059	3398.8890780809493	0.6899679899215698	0.3
10286.481074288467	750	18.51899540974114	0.0	366214	3855.178205351517	0.052395738661289215	0.75
10289.298809759068	750	19.701259939141266	0.0	360831	2817.7354705998714	0.05746415629982948	0.75
10291.872807080792	750	21.127262617415738	0.0	372963	2573.997321725529	0.008884212002158165	0.75
10295.304578492865	750	21.695491205343316	0.0	405596	3431.771412072425	0.006862801965326071	0.75
10297.815211920344	750	23.184857777865865	0.0	350713	2510.6334274774476	0.00646070996299386	0.75
10300.57832012679	750	24.421749571419824	0.0	386472	2763.1082064460434	0.018831610679626465	0.75
10304.455214609801	750	24.54485508840698	0.0	399894	3876.894483012841	0.02054489590227604	0.75
10307.465915809918	750	25.534153888291165	0.0	401853	3010.7012001158146	0.005760448053479195	0.75
10310.827614769505	750	26.17245492870327	0.0	343800	3361.698959587894	0.016707079485058784	0.75
10313.658122276689	750	27.34194742151856	0.0	359903	2830.50750718471	0.0072855157777667046	0.75
10316.272863496933	750	28.727206201275877	0.0	379700	2614.7412202426876	0.02764974534511566	0.75
10319.136787332529	750	29.86328236568001	0.0	425781	2863.923835595866	0.08303811401128769	0.75
10321.40229103654	750	31.597778661667974	0.0	277716	2265.503704012037	0.34931716322898865	0.75
10324.61807750586	750	32.38199219234873	0.0	400396	3215.78646931924	0.18362711369991302	0.75
10328.289565058518	750	32.71050463969115	0.0	400508	3671.487552657587	0.10707593709230423	0.75
10331.512769638226	750	33.487300059983745	0.0	358218	3223.2045797074015	0.1065296158194542	0.75
10335.057650838118	750	33.94241886009148	0.0	400322	3544.88119989227	0.10275737196207047	0.75
10337.84962859491	750	35.15044110330019	0.0	369834	2791.9777567912884	0.19708842039108276	0.75
10340.699749699259	750	36.30031999895077	0.0	412837	2850.1211043494163	0.6094602942466736	0.75
10344.500923261727	1200	36.499146436483564	0.0	690253	3801.1735624672083	0.5593788623809814	0.75
10348.339133333586	1200	36.660936364623886	0.0	598727	3838.2100718596757	0.004705176223069429	1.2
10352.951665077682	1200	36.04840462052741	0.0	487812	4612.531744096479	0.004705176223069429	1.2
10355.106513431816	1200	37.893556266395414	0.0	575591	2154.8483541319956	0.004705176223069429	1.2
10357.44502288955	1200	39.55504680866267	0.0	605884	2338.5094577327504	0.6386528611183167	1.2
10361.95155966154	2850	39.0485100366726	0.0	1402287	4506.5367719900605	0.06561262905597687	1.2000000000000002
10366.481020836945	2850	38.51904886126554	0.0	1339500	4529.461175407065	0.004705176223069429	2.85
10374.158361162303	2850	34.84170853590777	0.0	1527299	7677.34032535777	0.004705176223069429	2.85
10382.46139100057	2850	30.53867869763937	0.0	1343002	8303.0298382684	0.004705176223069429	2.85
10396.333464457786	2850	20.666605240424442	0.0	1587250	13872.073457214932	0.004705176223069429	2.85
10401.989979851054	1200	19.01008984715642	0.0	630203	5656.515393268022	0.21800054609775543	-0.44999999999999996
10405.033247160927	1200	19.966822537284653	0.0	638661	3043.2673098717637	0.004705176223069429	1.2
10410.750672122791	2850	18.249397575420588	0.0	1231456	5717.424961864065	0.32522454857826233	1.2000000000000002
10417.868704170283	2850	15.131365527929551	0.0	1364537	7118.032047491039	0.004705176223069429	2.85

