21420.841183044104	750	4.0	1.7282306058808998	450283	1728.2306058809	-1.000000082240371e-09	-6.681391605287869
21421.518956866494	300	7.32222617760719	0.0	155580	677.7738223928094	-1.000000082240371e-09	-0.15000000000000002
21423.21528457902	750	9.625898465083829	0.0	350812	1696.3277125233612	-1.000000082240371e-09	0.3
21426.011551031967	1200	10.829632012139468	0.0	617681	2796.2664529443605	-1.000000082240371e-09	0.75
21428.714280116765	1200	12.126902927342183	0.0	652874	2702.729084797285	-1.000000082240371e-09	1.2
21430.381288291952	1850	14.459894752150264	0.0	801058	1667.008175191918	-1.000000082240371e-09	1.2000000000000002
21433.06757922313	2850	15.773603820975197	0.0	1388403	2686.2909311750673	-1.000000082240371e-09	1.85
21438.084824252463	4300	14.756358791641617	0.0	2290172	5017.2450293335805	-1.000000082240371e-09	2.8499999999999996
21440.83669741196	2850	16.004485632146892	0.0	1348011	2751.8731594947244	-1.000000082240371e-09	1.4000000000000001
21444.903558899918	4300	15.937624144188153	0.0	2169201	4066.861487958741	-1.000000082240371e-09	2.8499999999999996
21449.10398418884	4300	15.737198855264309	0.0	2173522	4200.425288923842	-1.000000082240371e-09	4.3
21453.72009632876	4300	15.121086715343374	0.0	2102452	4616.112139920935	-1.000000082240371e-09	4.3
21459.635765024897	4300	13.20541801920917	0.0	2209463	5915.668696134205	-1.000000082240371e-09	4.3
21463.43521254243	2850	13.405970501677126	0.0	1578343	3799.447517532044	-1.000000082240371e-09	1.4000000000000001
21466.684327375624	2850	14.156855668482082	0.0	1231445	3249.114833195044	-1.000000082240371e-09	2.85
21471.30477278669	2850	13.536410257414033	0.0	1471065	4620.445411068049	-1.000000082240371e-09	2.85
21474.875620056435	2850	13.965562987668985	0.0	1491626	3570.847269745047	-1.000000082240371e-09	2.85
21478.023841666713	2850	14.817341377392824	0.0	1358801	3148.2216102761613	-1.000000082240371e-09	2.85
21482.89378250919	2850	13.947400534917437	0.0	1537156	4869.9408424753865	-1.000000082240371e-09	2.85
21487.789729953896	2850	13.051453090208705	0.0	1336050	4895.947444708732	-1.000000082240371e-09	2.85
21491.747937412034	2850	13.093245632071998	0.0	1415116	3958.207458136707	-1.000000082240371e-09	2.85
21495.14960055365	2850	13.691582490455097	0.0	1468126	3401.663141616901	-1.000000082240371e-09	2.85
21498.426540568824	2850	14.41464247528037	0.0	1505760	3276.940015174727	-1.000000082240371e-09	2.85
21501.147481329866	2850	15.693701714240907	0.0	1323990	2720.940761039463	-1.000000082240371e-09	2.85
21505.62800426786	4300	15.213178776247688	0.0	2186790	4480.522937993221	-1.000000082240371e-09	2.8499999999999996
21510.88276727597	4300	13.958415768139036	0.0	2105231	5254.763008108653	-1.000000082240371e-09	4.3
21515.632077737067	2850	13.209105307042876	0.0	1547572	4749.31046109616	-1.000000082240371e-09	1.4000000000000001
21518.838336592762	2850	14.002846451346867	0.0	1141971	3206.2588556960077	-1.000000082240371e-09	2.85
21521.93416753214	2850	14.907015511969636	0.0	1498470	3095.8309393772324	-1.000000082240371e-09	2.85
21526.40414719032	2850	14.437035853794201	0.0	1561263	4469.979658175435	-1.000000082240371e-09	2.85
21529.60372406785	2850	15.237458976262515	0.0	1341201	3199.576877531687	-1.000000082240371e-09	2.85
21538.32181850278	4300	10.51936454132974	0.0	2147852	8718.094434932775	-1.000000082240371e-09	2.8499999999999996
21540.39797402549	1200	12.44320901861996	0.0	584349	2076.1555227097806	-1.000000082240371e-09	-1.9000000000000001
21545.632424814798	1850	11.208758229313672	0.0	1035329	5234.450789306289	-1.000000082240371e-09	1.2000000000000002
21549.563064492773	1850	11.278118551338615	0.0	1026056	3930.6396779750567	-1.000000082240371e-09	1.85
21552.130452076402	1850	12.710730967708784	0.0	943942	2567.387583629833	-1.000000082240371e-09	1.85
21553.887248987223	1850	14.953934056885437	0.0	728962	1756.7969108233458	-1.000000082240371e-09	1.85
21558.047853101354	2850	14.79332994275675	0.0	1499009	4160.604114128686	-1.000000082240371e-09	1.85
21566.674445915985	2850	10.166737128123625	0.0	1427478	8626.592814633126	-1.000000082240371e-09	2.85
21573.491874761006	1200	7.349308283102171	0.0	587506	6817.4288450214535	-1.000000082240371e-09	-0.44999999999999996
21574.8304537587	750	10.010729285411905	0.0	345516	1338.5789976902654	-1.000000082240371e-09	0.3
21577.69193488193	1200	11.149248162182092	0.0	641452	2861.4811232298152	-1.000000082240371e-09	0.75
21581.560996621705	1850	11.280186422406345	0.0	886255	3869.0617397757464	-1.000000082240371e-09	1.2000000000000002
21584.175187584344	1850	12.66599545976939	0.0	973972	2614.1909626369556	-1.000000082240371e-09	1.85
21585.974895208197	1850	14.866287835913699	0.0	958994	1799.7076238556892	-1.000000082240371e-09	1.85
21589.28810896954	2850	15.5530740745712	0.0	1483527	3313.2137613424993	-1.000000082240371e-09	1.85
21593.384259819835	4300	15.456923224273734	0.0	1961140	4096.150850297464	-1.000000082240371e-09	2.8499999999999996
21597.5236077205	4300	15.317575323606691	0.0	2155012	4139.347900667042	-1.000000082240371e-09	4.3

