24384.749243617036	750	4.0	4.549356298858494	450283	4549.356298858494	-1.000000082240371e-09	-18.812232085091523
24386.236052693024	300	6.513190924009408	0.0	155580	1486.8090759905917	-1.000000082240371e-09	-0.15000000000000002
24387.156995656518	300	9.59224796051802	0.0	139857	920.942963491389	-1.000000082240371e-09	0.3
24391.742449458066	1200	9.006794158967022	0.0	617681	4585.453801550998	-1.000000082240371e-09	0.29999999999999993
24397.571763320724	1200	7.1774802963062845	0.0	652874	5829.313862660738	-1.000000082240371e-09	1.2
24400.423279610837	750	8.325964006193407	0.0	318564	2851.516290112877	-1.000000082240371e-09	0.3
24403.403444009662	750	9.345799607372152	0.0	352642	2980.1643988212572	-1.000000082240371e-09	0.75
24409.57415175374	1200	7.175091863295264	0.0	709534	6170.707744076888	-1.000000082240371e-09	0.75
24412.988253742376	750	7.760989874657149	0.0	374758	3414.101988638114	-1.000000082240371e-09	0.3
24416.577087097507	750	8.17215651953023	0.0	362795	3588.8333551269197	-1.000000082240371e-09	0.75
24420.668924159945	750	8.080319457092124	0.0	353220	4091.837062438106	-1.000000082240371e-09	0.75
24425.31240996733	750	7.436833649705999	0.0	405134	4643.485807386124	-1.000000082240371e-09	0.75
24428.632671907282	750	8.11657170975291	0.0	386351	3320.26193995309	-1.000000082240371e-09	0.75
24432.607121012108	750	8.142122604929781	0.0	434409	3974.449104823127	-1.000000082240371e-09	0.75
24436.427362452778	750	8.321881164256391	0.0	337059	3820.2414406733915	-1.000000082240371e-09	0.75
24440.67924588296	750	8.069997734078333	0.0	366214	4251.883430178057	-1.000000082240371e-09	0.75
24444.420414562584	750	8.328829054455127	0.0	360831	3741.1686796232066	-1.000000082240371e-09	0.75
24447.35673414739	750	9.392509469649802	0.0	372963	2936.3195848053247	-1.000000082240371e-09	0.75
24451.783973269972	1200	8.965270347065944	0.0	639204	4427.239122583858	-1.000000082240371e-09	0.75
24454.563333432394	750	10.185910184643053	0.0	350713	2779.3601624228913	-1.000000082240371e-09	0.3
24459.118372562243	1200	9.630871054794698	0.0	601738	4555.039129848356	-1.000000082240371e-09	0.75
24463.791761123313	1200	8.957482493724024	0.0	616206	4673.388561070673	-1.000000082240371e-09	1.2
24466.745005049022	750	10.004238568013752	0.0	401853	2953.2439257102715	-1.000000082240371e-09	0.3
24470.869247329927	1200	9.879996287110847	0.0	536667	4124.242280902906	-1.000000082240371e-09	0.75
24476.009195826555	1200	8.740047790482235	0.0	587236	5139.948496628613	-1.000000082240371e-09	1.2
24479.322502292256	750	9.426741324781029	0.0	379700	3313.3064657012055	-1.000000082240371e-09	0.3
24485.438011131966	1200	7.311232485071891	0.0	696376	6115.508839709139	-1.000000082240371e-09	0.75
24489.823387571778	750	6.925856045260119	0.0	277716	4385.376439811772	-1.000000082240371e-09	0.3
24493.04655923197	300	7.702684385067023	0.0	153605	3223.1716601930952	-1.000000082240371e-09	-0.15000000000000002
24498.235784929937	750	6.513458687098267	0.0	400508	5189.225697968755	-1.000000082240371e-09	0.3
24500.615371359225	300	8.133872257810955	0.0	157421	2379.5864292873116	-1.000000082240371e-09	-0.15000000000000002
24505.60494727183	750	7.1442963452068176	0.0	400322	4989.575912604138	-1.000000082240371e-09	0.3
24509.540164421527	750	7.20907919551041	0.0	369834	3935.2171496964083	-1.000000082240371e-09	0.75
24513.967130750178	750	6.782112866859397	0.0	412837	4426.966328651012	-1.000000082240371e-09	0.75
24515.61584314087	300	9.13340047616696	0.0	179328	1648.712390692436	-1.000000082240371e-09	-0.15000000000000002
24520.369051572234	1200	8.380192044803197	0.0	598727	4753.208431363763	-1.000000082240371e-09	0.29999999999999993
24523.041618262934	750	9.707625354102536	0.0	321064	2672.56669070066	-1.000000082240371e-09	0.3
24528.758178058146	1200	7.991065558891988	0.0	575591	5716.559795210548	-1.000000082240371e-09	0.75
24532.37000949293	750	8.379234124107825	0.0	378327	3611.831434784164	-1.000000082240371e-09	0.3
24537.08947618184	750	7.659767435193694	0.0	390680	4719.466688914131	-1.000000082240371e-09	0.75
24541.97404276471	750	6.775200852327985	0.0	345516	4884.566582865709	-1.000000082240371e-09	0.75
24544.680144069887	300	8.069099547149067	0.0	161857	2706.1013051789173	-1.000000082240371e-09	-0.15000000000000002
24552.01669098599	750	4.732552631042919	0.0	372093	7336.546916106148	-1.000000082240371e-09	0.3
24555.059296721884	300	5.689946895154147	0.0	172312	3042.6057358887724	-1.000000082240371e-09	-0.15000000000000002
24556.84565216712	300	7.903591449916201	0.0	167025	1786.355445237947	-1.000000082240371e-09	0.3
24561.03364648047	750	7.715597136568794	0.0	393804	4187.994313347406	-1.000000082240371e-09	0.3
24565.771970461286	750	6.977273155752606	0.0	331053	4738.323980816189	-1.000000082240371e-09	0.75
24567.982183801843	300	8.767059815193658	0.0	118421	2210.2133405589484	-1.000000082240371e-09	-0.15000000000000002

