24758.020700522928	750	4.0	3.7572090788844412	450283	3757.209078884441	-1.000000082240371e-09	-15.405999039203095
24759.251435136855	300	6.76926538607515	0.0	155580	1230.7346139248493	-1.000000082240371e-09	-0.15000000000000002
24760.316750164853	300	9.703950358079696	0.0	139857	1065.3150279954539	-1.000000082240371e-09	0.3
24767.652507992494	1200	6.368192530437467	0.0	617681	7335.75782764223	-1.000000082240371e-09	0.29999999999999993
24770.229597361773	300	7.791103161159532	0.0	163442	2577.089369277935	-1.000000082240371e-09	-0.6000000000000001
24773.043039801076	750	8.977660721857868	0.0	318564	2813.4424393016643	-1.000000082240371e-09	0.3
24775.880021286634	750	10.140679236299405	0.0	352642	2836.981485558463	-1.000000082240371e-09	0.75
24784.2260937069	1200	5.794606816030435	0.0	709534	8346.07242026897	-1.000000082240371e-09	0.75
24785.56944148284	300	8.451259040094083	0.0	150710	1343.3477759363516	-1.000000082240371e-09	-0.6000000000000001
24788.79036556643	750	9.230334956504615	0.0	362795	3220.924083589466	-1.000000082240371e-09	0.3
24800.289538457295	1200	4.0	2.268837934360301	607410	11499.172890864917	-1.000000082240371e-09	-9.006003117749295
24804.48882147439	300	4.0	0.1992830170987736	156148	4199.283017098774	-1.000000082240371e-09	-1.4569169735247267
24809.220112052553	300	4.0	0.7312905781600993	160746	4731.290578160099	-1.000000082240371e-09	-2.844549486088427
24813.668703487194	300	4.0	0.4485914346414429	179801	4448.591434641443	-1.000000082240371e-09	-1.6289431689582043
24816.538422030742	300	5.130281456452245	0.0	140051	2869.7185435477545	-1.000000082240371e-09	0.3
24820.322762974185	300	5.345940513011557	0.0	138313	3784.340943440687	-1.000000082240371e-09	0.3
24825.17552786831	300	4.493175618889062	0.0	143509	4852.764894122496	-1.000000082240371e-09	0.3
24830.66243099798	300	4.0	0.9937275107854575	150616	5486.903129674519	-1.000000082240371e-09	-3.9730282963774677
24836.331303247363	300	4.0	1.6688722493794204	165384	5668.87224937942	-1.000000082240371e-09	-6.876150672331508
24840.28120424922	300	4.050098998145572	0.0	140881	3949.9010018544286	-1.000000082240371e-09	0.3
24843.706886672215	300	4.624416575148591	0.0	157671	3425.682422996981	-1.000000082240371e-09	0.3
24846.977073395316	300	5.354229852046942	0.0	157812	3270.18672310165	-1.000000082240371e-09	0.3
24849.600333307822	300	6.730969939542026	0.0	163927	2623.2599125049146	-1.000000082240371e-09	0.3
24851.33758513463	300	8.9937181127288	0.0	137654	1737.2518268132267	-1.000000082240371e-09	0.3
24858.394973765615	750	5.936329481746776	0.0	359903	7057.388630982024	-1.000000082240371e-09	0.3
24861.254493808206	300	7.07680943915676	0.0	153938	2859.5200425900166	-1.000000082240371e-09	-0.15000000000000002
24873.90756894478	750	4.0	5.57626569741959	425781	12653.07513657635	-1.000000082240371e-09	-23.677942498904233
24877.766791129452	300	4.140777815330504	0.0	111155	3859.222184669496	-1.000000082240371e-09	-0.15000000000000002
24883.578039527758	300	4.0	1.6704705829776885	153605	5811.248398308193	-1.000000082240371e-09	-6.883023506804061
24886.879873525955	300	4.698166001803146	0.0	149029	3301.8339981968547	-1.000000082240371e-09	0.3
24892.06115733015	300	4.0	0.48311780239473684	157421	5181.283804197882	-1.000000082240371e-09	-1.7774065502973684
24897.782919378733	300	4.0	1.7217620485789848	157488	5721.762048578985	-1.000000082240371e-09	-7.103576808889635
24902.578822725845	300	4.0	0.7959033471117728	143881	4795.903347111773	-1.000000082240371e-09	-3.122384392580623
24906.91191777497	300	4.0	0.33309504912851023	163444	4333.09504912851	-1.000000082240371e-09	-1.1323087112525938
24909.959258021387	300	4.952659753582255	0.0	179328	3047.3402464177448	-1.000000082240371e-09	0.3
24911.554310833544	300	7.357606941426242	0.0	159914	1595.0528121560124	-1.000000082240371e-09	0.3
24914.33556523422	750	8.576352540746576	0.0	321064	2781.254400679665	-1.000000082240371e-09	0.3
24916.930574212012	750	9.981343562955866	0.0	361565	2595.0089777907106	-1.000000082240371e-09	0.75
24920.933755123806	1200	9.978162651161567	0.0	605884	4003.180911794299	-1.000000082240371e-09	0.75
24924.647560204216	1200	10.264357570752027	0.0	587506	3713.8050804095396	-1.000000082240371e-09	1.2
24928.741951580505	1200	10.169966194460114	0.0	566904	4094.3913762919137	-1.000000082240371e-09	1.2
24933.07957689607	1200	9.832340878892897	0.0	641452	4337.625315567217	-1.000000082240371e-09	1.2
24936.33369261136	1200	10.578225163606842	0.0	599477	3254.1157152860565	-1.000000082240371e-09	1.2
24939.207103029843	1200	11.704814745120748	0.0	634861	2873.4104184860944	-1.000000082240371e-09	1.2
24944.28587249733	1850	10.626045277632148	0.0	958994	5078.769467488601	-1.000000082240371e-09	1.2000000000000002
24947.59276336356	1200	11.319154411403874	0.0	638661	3306.890866228273	-1.000000082240371e-09	0.5499999999999999
24951.619752340604	1850	11.292165434357983	0.0	830730	4026.9889770458904	-1.000000082240371e-09	1.2000000000000002
24955.097350859967	1850	11.814566914993895	0.0	846370	3477.598519364089	-1.000000082240371e-09	1.85

