5109.014783335673	750	4.0	6.212365695121308	450283	6212.365695121308	-1.000000082240371e-09	-25.963172489021623
5110.521872589688	300	6.492910745984942	0.0	155580	1507.089254015058	-1.000000082240371e-09	-0.15000000000000002
5112.091420090286	300	8.923363245387266	0.0	139857	1569.547500597674	-1.000000082240371e-09	0.3
5118.464810947844	750	6.549972387829626	0.0	382355	6373.3908575576415	-1.000000082240371e-09	0.3
5120.270920652903	300	8.743862682769413	0.0	163442	1806.109705060213	-1.000000082240371e-09	-0.15000000000000002
5124.7340649050175	750	8.280718430655625	0.0	318564	4463.144252113789	-1.000000082240371e-09	0.3
5128.944783031548	750	8.070000304126074	0.0	352642	4210.71812652955	-1.000000082240371e-09	0.75
5133.23010674956	750	7.78467658611389	0.0	437162	4285.323718012184	-1.000000082240371e-09	0.75
5135.608876021559	750	9.405907314114577	0.0	374758	2378.769271999314	-1.000000082240371e-09	0.75
5139.965459338338	1200	9.049323997335438	0.0	560821	4356.583316779137	-1.000000082240371e-09	0.75
5149.088685638126	1200	4.0	0.07390230245197017	607410	9123.22629978741	-1.000000082240371e-09	0.8822200994565282
5151.587669977398	300	5.501015660728619	0.0	156148	2498.9843392713815	-1.000000082240371e-09	-0.6000000000000001
5154.815362738164	300	6.2733228999625865	0.0	160746	3227.6927607660327	-1.000000082240371e-09	0.3
5159.298162912159	300	5.790522725968792	0.0	179801	4482.8001739937945	-1.000000082240371e-09	0.3
5162.814174337155	300	6.274511300972236	0.0	140051	3516.0114249965554	-1.000000082240371e-09	0.3
5166.462342556605	300	6.626343081521862	0.0	138313	3648.168219450375	-1.000000082240371e-09	0.3
5170.283811212497	300	6.804874425628884	0.0	143509	3821.468655892978	-1.000000082240371e-09	0.3
5173.099023034832	300	7.989662603295305	0.0	150616	2815.2118223335783	-1.000000082240371e-09	0.3
5176.583889907796	750	8.504795730331187	0.0	405596	3484.866872964118	-1.000000082240371e-09	0.3
5179.739789533403	750	9.348896104723542	0.0	350713	3155.8996256076434	-1.000000082240371e-09	0.75
5184.846482564897	1200	8.242203073229774	0.0	601738	5106.693031493769	-1.000000082240371e-09	0.75
5188.093647942974	750	8.995037695152456	0.0	399894	3247.1653780773177	-1.000000082240371e-09	0.3
5191.559090097241	750	9.529595540885275	0.0	401853	3465.44215426718	-1.000000082240371e-09	0.75
5196.76414648224	1200	8.324539155886098	0.0	536667	5205.056384999176	-1.000000082240371e-09	0.75
5203.193323641431	750	5.8953619966955175	0.0	359903	6429.177159190582	-1.000000082240371e-09	0.3
5207.606968322566	300	5.4817173155602275	0.0	153938	4413.64468113529	-1.000000082240371e-09	-0.15000000000000002
5213.012487171769	300	4.076198466356595	0.0	181901	5405.518849203633	-1.000000082240371e-09	0.3
5216.733050393082	300	4.355635245044497	0.0	111155	3720.563221312097	-1.000000082240371e-09	0.3
5221.490858961711	300	4.0	0.40217332358491875	153605	4757.808568629416	-1.000000082240371e-09	-1.4293452914151505
5225.598975200693	300	4.0	0.10811623898143716	149029	4108.116238981437	-1.000000082240371e-09	-0.1648998276201798
5229.114180256084	300	4.4847949446079864	0.0	157421	3515.2050553920135	-1.000000082240371e-09	0.3
5231.675691703859	300	5.923283496833505	0.0	157488	2561.511447774482	-1.000000082240371e-09	0.3
5233.836299692548	300	7.762675508144619	0.0	143881	2160.607988688885	-1.000000082240371e-09	0.3
5240.309595373206	750	5.2893798274854715	0.0	412837	6473.295680659147	-1.000000082240371e-09	0.3
5244.002659084035	300	5.596316116656952	0.0	179328	3693.063710828519	-1.000000082240371e-09	-0.15000000000000002
5246.616090498312	300	6.982884702380826	0.0	159914	2613.431414276127	-1.000000082240371e-09	0.3
5248.511957938877	300	9.087017261815502	0.0	131610	1895.8674405653232	-1.000000082240371e-09	0.3
5258.26703074661	1200	4.0	0.6680555459170646	575591	9755.072807732568	-1.000000082240371e-09	-2.572638847443378
5260.602859772281	300	5.664170974329429	0.0	144254	2335.829025670572	-1.000000082240371e-09	-0.6000000000000001
5263.0284034063525	300	7.238627340257898	0.0	149991	2425.5436340715314	-1.000000082240371e-09	0.3
5266.299987655948	750	7.967043090662408	0.0	345516	3271.584249595489	-1.000000082240371e-09	0.3
5269.754730563406	750	8.512300183204037	0.0	384505	3454.742907458371	-1.000000082240371e-09	0.75
5273.662738463033	750	8.604292283577223	0.0	372093	3908.007899626814	-1.000000082240371e-09	0.75
5277.382663070489	750	8.884367676121599	0.0	438281	3719.924607455623	-1.000000082240371e-09	0.75
5284.024134698224	750	6.2428960483862985	0.0	398987	6641.471627735301	-1.000000082240371e-09	0.75
5285.876470461647	300	8.390560284963914	0.0	160064	1852.3357634223844	-1.000000082240371e-09	-0.15000000000000002
5288.593258490826	750	9.673772255785254	0.0	331053	2716.7880291786596	-1.000000082240371e-09	0.3
5293.228217555913	1200	9.038813190697795	0.0	550906	4634.95906508746	-1.000000082240371e-09	0.75

