24250.754557007695	750	4.0	4.010168074006698	450283	4010.168074006698	0.004864459857344627	-16.4937227182288
24251.92847510034	300	6.8260819073535774	0.0	155580	1173.9180926464226	0.004705176223069429	-0.15000000000000002
24252.933489280942	300	9.821067726748996	0.0	139857	1005.0141806045834	0.004705176223069429	0.3
24254.061708169476	300	12.692848838215301	0.0	155432	1128.218888533694	0.00827434565871954	0.3
24255.202041942448	300	15.552515065242709	0.0	163442	1140.3337729725922	0.3497523069381714	0.3
24256.909812194877	750	17.844744812815424	0.0	318564	1707.7702524272838	0.4681049585342407	0.3
24258.830518529772	750	19.9240384779207	0.0	352642	1920.7063348947245	0.4773085415363312	0.75
24261.023917433246	750	21.730639574447547	0.0	437162	2193.3989034731517	0.6640492677688599	0.75
24264.06727331459	1200	22.687283693104817	0.0	584846	3043.3558813427285	0.35603266954421997	0.75
24267.017647763278	1200	23.73690924441915	0.0	560821	2950.3744486856713	0.004935683216899633	1.2
24269.801967677253	1200	24.952589330444095	0.0	607410	2784.3199139750536	0.004943585954606533	1.2
24272.15006526053	1200	26.604491747167803	0.0	594078	2348.097583276292	0.004705176223069429	1.2
24275.52651813159	1200	27.228038876106044	0.0	624282	3376.4528710617574	0.004705176223069429	1.2
24279.78324549278	1200	26.97131151491327	0.0	687371	4256.727361192774	0.004705176223069429	1.2
24282.60249439507	1200	28.152062612626032	0.0	526950	2819.2489022872387	0.004959556739777327	1.2
24285.40760087844	1200	29.346956129256363	0.0	587876	2805.106483369668	0.004705176223069429	1.2
24288.341932250725	1200	30.412624756967464	0.0	617242	2934.3313722889006	0.004705176223069429	1.2
24290.958986281075	1200	31.795570726620785	0.0	581493	2617.054030346682	0.004705176223069429	1.2
24293.923943827373	1200	32.83061318032253	0.0	639204	2964.9575462982575	0.004705176223069429	1.2
24296.413584816633	1200	34.34097219106015	0.0	586839	2489.640989262373	0.004705176223069429	1.2
24299.517944039442	1200	35.236612968254356	0.0	601738	3104.3592228057996	0.004818978253751993	1.2
24302.57058808275	1200	36.183968924942675	0.0	616206	3052.644043311676	0.004705176223069429	1.2
24305.86915069044	1200	36.88540631725391	0.0	656471	3298.5626076887656	0.004705176223069429	1.2
24308.888356853673	1200	37.86620015402105	0.0	536667	3019.206163232863	0.004705176223069429	1.2
24312.11371058105	1200	38.64084642664301	0.0	587236	3225.3537273780407	0.004705176223069429	1.2
24316.022680378563	1200	38.7318766291276	0.0	590335	3908.9697975154095	0.004705176223069429	1.2
24319.94760223805	1200	38.8069547696396	0.0	696376	3924.92185948799	0.004705176223069429	1.2
24322.87652360033	1200	39.87803340735923	0.0	487160	2928.9213622803736	0.004705176223069429	1.2
24326.849673001816	1200	39.90488400587548	0.0	622896	3973.149401483753	0.004705176223069429	1.2
24330.583595587977	1200	40.170961419713294	0.0	641447	3733.9225861621903	0.004705176223069429	1.2
24333.73399328168	1200	41.02056372600887	0.0	570392	3150.3976937044245	0.004705176223069429	1.2
24337.6288265756	1200	41.12573043208979	0.0	620283	3894.8332939190823	0.004723489284515381	1.2
24341.915488060604	1200	40.8390689470862	0.0	584349	4286.661485003594	0.004705176223069429	1.2
24348.60268281544	1200	38.15187419225026	0.0	670129	6687.19475483594	0.004705176223069429	1.2
24354.606533666592	1200	36.14802334109806	0.0	690253	6003.850851152205	0.007342183496803045	1.2
24364.611639181716	1200	30.142917825976692	0.0	598727	10005.105515121364	0.00539410999044776	1.2
24369.823138572054	1200	28.93141843563865	0.0	487812	5211.499390338041	0.6953528523445129	1.2
24374.791233054555	1200	27.963323953134978	0.0	575591	4968.094482503671	0.038158394396305084	1.2
24381.58353714472	1200	25.171019862971946	0.0	605884	6792.304090163035	0.011702464893460274	1.2
24386.67359204617	1200	24.0809649615256	0.0	587506	5090.054901446347	0.14606833457946777	1.2
24392.331846719604	1200	22.422710288088147	0.0	566904	5658.254673437451	0.02831786870956421	1.2
24399.026627745552	1200	19.727929262137025	0.0	641452	6694.781025951121	0.2152879238128662	1.2
24405.918797484224	1200	16.83575952346803	0.0	599477	6892.169738668997	0.34203991293907166	1.2
24409.370821746168	750	17.383735261523558	0.0	438281	3452.024261944472	0.453128844499588	0.3
24413.63129219558	750	17.123264812109973	0.0	398987	4260.470449413583	0.21780236065387726	0.75
24418.28533627399	750	16.469220733700197	0.0	393804	4654.0440784097755	0.11566029489040375	0.75
24421.113870717	750	17.6406862906916	0.0	331053	2828.5344430085993	0.0710647776722908	0.75
24428.0346537852	1200	14.719903222491121	0.0	550906	6920.783068200479	0.6930766105651855	0.75

