26498.885128793183	750	4.0	2.7857807865153212	450283	2785.7807865153213	-1.000000082240371e-09	-11.228857382015882
26500.147072482177	300	6.738056311008653	0.0	155580	1261.9436889913468	-1.000000082240371e-09	-0.15000000000000002
26500.918250876734	300	9.966877916450935	0.0	139857	771.1783945577192	-1.000000082240371e-09	0.3
26503.349020628226	1200	11.536108164956822	0.0	617681	2430.769751494111	-1.000000082240371e-09	0.29999999999999993
26508.437251999014	1850	10.447876794169872	0.0	996749	5088.231370786951	-1.000000082240371e-09	1.2000000000000002
26510.714274611175	1200	12.17085418200615	0.0	520315	2277.022612163721	-1.000000082240371e-09	0.5499999999999999
26514.781193890212	1850	12.103934902968536	0.0	905515	4066.919279037615	-1.000000082240371e-09	1.2000000000000002
26519.858397120417	1850	11.026731672766223	0.0	1060487	5077.203230202313	-1.000000082240371e-09	1.85
26524.61038131539	1850	10.274747477795161	0.0	852833	4751.984194971063	-1.000000082240371e-09	1.85
26527.35530747049	1200	11.529821322694113	0.0	560821	2744.9261551010472	-1.000000082240371e-09	0.5499999999999999
26532.79626260303	1850	10.088866190152823	0.0	939819	5440.95513254129	-1.000000082240371e-09	1.2000000000000002
26535.745890637925	1200	11.139238155253887	0.0	594078	2949.6280348989367	-1.000000082240371e-09	0.5499999999999999
26540.269840385146	1850	10.615288408035202	0.0	946851	4523.949747218684	-1.000000082240371e-09	1.2000000000000002
26543.62397577292	1200	11.261153020260107	0.0	687371	3354.1353877750953	-1.000000082240371e-09	0.5499999999999999
26547.725726408666	1850	11.159402384515822	0.0	821631	4101.7506357442835	-1.000000082240371e-09	1.2000000000000002
26552.25334008033	1850	10.631788712849843	0.0	923170	4527.613671665979	-1.000000082240371e-09	1.85
26554.84823047101	1200	12.036898322170316	0.0	617242	2594.890390679528	-1.000000082240371e-09	0.5499999999999999
26559.062373111246	1850	11.822755681929333	0.0	885714	4214.142640240983	-1.000000082240371e-09	1.2000000000000002
26563.8372820481	1850	11.04784674507454	0.0	987708	4774.908936854791	-1.000000082240371e-09	1.85
26569.485880801905	1850	9.399247991270666	0.0	923755	5648.598753803874	-1.000000082240371e-09	1.85
26572.62612686493	1200	10.25900192824775	0.0	601738	3140.2460630229166	-1.000000082240371e-09	0.5499999999999999
26575.6588115702	1200	11.226317222976729	0.0	616206	3032.684705271022	-1.000000082240371e-09	1.2
26582.622321019706	1850	8.26280777347406	0.0	968026	6963.509449502668	-1.000000082240371e-09	1.2000000000000002
26585.166175519775	750	9.718953273404846	0.0	343800	2543.854500069214	-1.000000082240371e-09	-0.3500000000000001
26589.89689089331	1200	8.988237899869645	0.0	587236	4730.7153735352	-1.000000082240371e-09	0.75
26592.49379762766	750	10.391331165517391	0.0	379700	2596.9067343522543	-1.000000082240371e-09	0.3
26596.722497362825	1200	10.162631430351372	0.0	696376	4228.699735166018	-1.000000082240371e-09	0.75
26598.99850012113	1200	11.886628672045939	0.0	487160	2276.0027583054334	-1.000000082240371e-09	1.2
26603.27352675717	1850	11.611602036007572	0.0	972798	4275.0266360383675	-1.000000082240371e-09	1.2000000000000002
26607.736627003644	1850	11.148501789531819	0.0	975811	4463.10024647575	-1.000000082240371e-09	1.85
26612.035019639356	1850	10.850109153822567	0.0	873429	4298.392635709253	-1.000000082240371e-09	1.85
26614.815775953793	1200	12.069352839383031	0.0	620283	2780.7563144395344	-1.000000082240371e-09	0.5499999999999999
26618.822027182872	1850	12.063101610303027	0.0	885062	4006.251229080003	-1.000000082240371e-09	1.2000000000000002
26624.12079238347	1850	10.764336409707415	0.0	1035329	5298.7652005956115	-1.000000082240371e-09	1.85
26629.89058221031	1200	8.994546582866835	0.0	690253	5769.78982684058	-1.000000082240371e-09	0.5499999999999999
26632.27906262977	750	10.606066163411523	0.0	365161	2388.4804194553126	-1.000000082240371e-09	0.3
26635.654261551153	1200	11.230867242026347	0.0	487812	3375.1989213851753	-1.000000082240371e-09	0.75
26642.380318619536	1850	8.504810173639799	0.0	938587	6726.057068386549	-1.000000082240371e-09	1.2000000000000002
26646.588953489787	750	8.296175303390754	0.0	378327	4208.634870249045	-1.000000082240371e-09	-0.3500000000000001
26651.789139336404	750	7.095989456774156	0.0	390680	5200.185846616598	-1.000000082240371e-09	0.75
26654.75221883907	750	8.132909954108865	0.0	345516	2963.0795026652904	-1.000000082240371e-09	0.75
26658.711401988185	750	8.173726804989945	0.0	384505	3959.183149118921	-1.000000082240371e-09	0.75
26662.851734813856	750	8.033393979322774	0.0	372093	4140.33282566717	-1.000000082240371e-09	0.75
26667.878938551657	750	7.006190241520016	0.0	438281	5027.203737802759	-1.000000082240371e-09	0.75
26670.957180710175	750	7.927948083003792	0.0	398987	3078.2421585162238	-1.000000082240371e-09	0.75
26674.57379360831	750	8.31133518487039	0.0	393804	3616.6128981334004	-1.000000082240371e-09	0.75
26676.729681745783	750	10.15544704739577	0.0	331053	2155.8881374746206	-1.000000082240371e-09	0.75
26679.614178182364	1200	11.270950610816236	0.0	550906	2884.496436579536	-1.000000082240371e-09	0.75

