13934.525419903326	750	4.0	5.105653885378062	450283	5105.653885378062	-1.000000082240371e-09	-21.204311707125665
13938.681121642987	300	4.0	0.15570173966025685	155580	4155.701739660257	-1.000000082240371e-09	-0.8195174805391044
13941.137755072956	300	5.543366570032065	0.0	139857	2456.6334299679343	-1.000000082240371e-09	0.3
13942.424184208445	300	8.256937434542367	0.0	155432	1286.4291354896984	-1.000000082240371e-09	0.3
13944.32564174207	750	10.3554799009159	0.0	411561	1901.4575336264656	-1.000000082240371e-09	0.3
13946.465116060723	1200	12.216005582264073	0.0	520315	2139.4743186518276	-1.000000082240371e-09	0.75
13950.762171238935	1850	11.918950404052255	0.0	905515	4297.055178211817	-1.000000082240371e-09	1.2000000000000002
13954.443232627382	1850	12.237889015604118	0.0	1060487	3681.0613884481368	-1.000000082240371e-09	1.85
13957.505793963388	1850	13.175327679599034	0.0	852833	3062.561336005083	-1.000000082240371e-09	1.85
13962.108726698227	2850	12.572394944759807	0.0	1429765	4602.932734839227	-1.000000082240371e-09	1.85
13965.186439160025	1850	13.494682482962762	0.0	939819	3077.712461797046	-1.000000082240371e-09	0.8500000000000001
13970.136239037038	2850	12.544882605950152	0.0	1519951	4949.79987701261	-1.000000082240371e-09	1.85
13975.271331723887	1850	11.40978991909921	0.0	946851	5135.092686850943	-1.000000082240371e-09	0.8500000000000001
13979.033033030873	1850	11.648088612113796	0.0	1036454	3761.701306985414	-1.000000082240371e-09	1.85
13982.00490541148	1850	12.676216231507116	0.0	821631	2971.872380606679	-1.000000082240371e-09	1.85
13985.267648070638	1850	13.413473572349483	0.0	923170	3262.7426591576336	-1.000000082240371e-09	1.85
13993.971644690302	2850	8.709476952684726	0.0	1491626	8703.996619664757	-1.000000082240371e-09	1.85
13997.087864863495	750	9.593256779490751	0.0	372963	3116.2201731939754	-1.000000082240371e-09	-1.35
14001.598269709471	1200	9.08285193351446	0.0	639204	4510.404845976291	-1.000000082240371e-09	0.75
14006.524024999326	1200	8.157096643659697	0.0	586839	4925.755289854764	-1.000000082240371e-09	1.2
14009.645437455625	750	9.035684187360632	0.0	386472	3121.412456299066	-1.000000082240371e-09	0.3
14017.427253672684	1200	5.25386797030089	0.0	616206	7781.816217059742	-1.000000082240371e-09	0.75
14019.946010152838	300	6.735111490145093	0.0	163927	2518.756480155797	-1.000000082240371e-09	-0.6000000000000001
14021.171416148103	300	9.509705494880022	0.0	137654	1225.4059952650714	-1.000000082240371e-09	0.3
14027.01068228174	1200	7.670439361243341	0.0	587236	5839.26613363668	-1.000000082240371e-09	0.29999999999999993
14030.41396762054	750	8.267154022443775	0.0	379700	3403.285338799567	-1.000000082240371e-09	0.3
14034.931974490672	750	7.7491471523127355	0.0	425781	4518.006870131038	-1.000000082240371e-09	0.75
14037.26399013611	750	9.41713150687397	0.0	277716	2332.0156454387657	-1.000000082240371e-09	0.75
14042.804355764652	1200	7.876765878332671	0.0	622896	5540.365628541298	-1.000000082240371e-09	0.75
14046.423564694693	750	8.257556948290366	0.0	400508	3619.2089300423045	-1.000000082240371e-09	0.3
14049.088413880652	750	9.592707762331976	0.0	358218	2664.8491859583905	-1.000000082240371e-09	0.75
14054.550743958607	1200	8.130377684375752	0.0	620283	5462.330077956225	-1.000000082240371e-09	0.75
14057.081319351255	750	9.599802291728665	0.0	369834	2530.575392647086	-1.000000082240371e-09	0.3
14062.74505146337	1200	7.93607017961311	0.0	670129	5663.7321121155555	-1.000000082240371e-09	0.75
14066.96816366025	750	7.7129579827324495	0.0	401088	4223.11219688066	-1.000000082240371e-09	0.3
14071.76001489446	750	6.921106748524194	0.0	365161	4791.851234208256	-1.000000082240371e-09	0.75
14073.570268233942	300	9.110853409042651	0.0	131610	1810.253339481544	-1.000000082240371e-09	-0.15000000000000002
14078.385950124015	1200	8.295171518971062	0.0	575591	4815.68189007159	-1.000000082240371e-09	0.29999999999999993
14080.847002274491	750	9.834119368494775	0.0	378327	2461.0521504762855	-1.000000082240371e-09	0.3
14085.26929218135	1200	9.411829461635353	0.0	587506	4422.289906859423	-1.000000082240371e-09	0.75
14091.207800898075	1200	7.473320744910144	0.0	566904	5938.508716725208	-1.000000082240371e-09	1.2
14093.658604745446	750	9.022516897539862	0.0	384505	2450.803847370282	-1.000000082240371e-09	0.3
14099.660078962303	1200	7.021042680684643	0.0	599477	6001.474216855219	-1.000000082240371e-09	0.75
14106.295564319533	750	4.385557323453635	0.0	438281	6635.4853572310085	-1.000000082240371e-09	0.3
14108.398078271175	300	6.283043371811689	0.0	167025	2102.513951641946	-1.000000082240371e-09	-0.15000000000000002
14110.009040955227	300	8.672080687758926	0.0	160064	1610.9626840527637	-1.000000082240371e-09	0.3
14113.465133367632	750	9.215988275354164	0.0	331053	3456.092412404761	-1.000000082240371e-09	0.3
14117.835189801492	1200	8.845931841493758	0.0	550906	4370.056433860406	-1.000000082240371e-09	0.75

