8113.7529162824485	750	4.0	1.8471370276969283	450283	1847.1370276969283	-1.000000082240371e-09	-7.192689219096792
8114.497909651134	300	7.2550066313144255	0.0	155580	744.9933686855745	-1.000000082240371e-09	-0.15000000000000002
8116.31222470586	750	9.440691576588728	0.0	350812	1814.3150547256969	-1.000000082240371e-09	0.3
8119.058293332166	1200	10.694622950282607	0.0	617681	2746.0686263061207	-1.000000082240371e-09	0.75
8121.84855489022	1200	11.904361392228395	0.0	652874	2790.2615580542106	-1.000000082240371e-09	1.2
8125.582928441698	1850	12.169987840750823	0.0	801058	3734.3735514775726	-1.000000082240371e-09	1.2000000000000002
8128.699146842058	1850	13.053769440389932	0.0	905515	3116.2184003608913	-1.000000082240371e-09	1.85
8135.446186104473	2850	10.306730177976346	0.0	1638769	6747.039262413586	-1.000000082240371e-09	1.85
8138.264210071373	1200	11.488706211076215	0.0	584846	2818.0239669001317	-1.000000082240371e-09	-0.44999999999999996
8142.751184141909	1850	11.001732140540495	0.0	913888	4486.97407053572	-1.000000082240371e-09	1.2000000000000002
8146.528275032231	1850	11.224641250218143	0.0	939819	3777.0908903223512	-1.000000082240371e-09	1.85
8150.241592500614	1850	11.511323781835875	0.0	917428	3713.317468382268	-1.000000082240371e-09	1.85
8153.6428484898515	1850	12.110067792598642	0.0	946851	3401.255989237234	-1.000000082240371e-09	1.85
8157.710862450244	1850	12.042053832206726	0.0	1036454	4068.013960391917	-1.000000082240371e-09	1.85
8160.425969250346	1850	13.326947032105236	0.0	821631	2715.1068001014896	-1.000000082240371e-09	1.85
8166.0000074365635	2850	11.75290884588758	0.0	1471065	5574.038186217656	-1.000000082240371e-09	1.85
8169.521133287256	1850	12.23178299519527	0.0	966699	3521.125850692309	-1.000000082240371e-09	0.8500000000000001
8173.460008449852	1850	12.29290783259931	0.0	885714	3938.8751625959585	-1.000000082240371e-09	1.85
8177.808571384879	1850	11.944344897572241	0.0	987708	4348.562935027067	-1.000000082240371e-09	1.85
8182.355406232089	1850	11.39751005036273	0.0	923755	4546.834847209512	-1.000000082240371e-09	1.85
8186.525843361204	1850	11.227072921247355	0.0	891604	4170.437129115373	-1.000000082240371e-09	1.85
8190.861430575343	1850	10.891485707108819	0.0	955231	4335.587214138537	-1.000000082240371e-09	1.85
8193.817241854573	1200	11.935674427879446	0.0	656471	2955.8112792293714	-1.000000082240371e-09	0.5499999999999999
8197.454631226414	1850	12.298285056039516	0.0	874175	3637.3893718399313	-1.000000082240371e-09	1.2000000000000002
8201.690724668097	1850	12.062191614356669	0.0	897976	4236.093441682848	-1.000000082240371e-09	1.85
8205.634934576541	1850	12.117981705911987	0.0	905935	3944.209908444682	-1.000000082240371e-09	1.85
8211.51736050298	1850	10.235555779473724	0.0	1076599	5882.425926438262	-1.000000082240371e-09	1.85
8214.687802070785	1200	11.065114211667817	0.0	487160	3170.441567805908	-1.000000082240371e-09	0.5499999999999999
8225.178462152173	1850	4.57445413027958	0.0	972798	10490.660081388236	-1.000000082240371e-09	1.2000000000000002
8228.167714637932	300	5.585201644520971	0.0	149029	2989.2524857586095	-1.000000082240371e-09	-1.25
8232.67832756537	300	5.074588717080998	0.0	157421	4510.612927439974	-1.000000082240371e-09	0.3
8234.18250010539	300	7.570416177062235	0.0	157488	1504.1725400187627	-1.000000082240371e-09	0.3
8237.336241683179	750	8.416674599273367	0.0	369834	3153.7415777888687	-1.000000082240371e-09	0.3
8240.591447739074	750	9.161468543377635	0.0	412837	3255.206055895732	-1.000000082240371e-09	0.75
8248.719287327845	1200	5.033628954606299	0.0	690253	8127.839588771337	-1.000000082240371e-09	0.75
8250.163226320059	300	7.5896899623927085	0.0	159914	1443.9389922135906	-1.000000082240371e-09	-0.6000000000000001
8253.13692232069	750	8.615993961762666	0.0	321064	2973.696000630043	-1.000000082240371e-09	0.3
8255.61300434764	750	10.139911934811664	0.0	361565	2476.0820269510027	-1.000000082240371e-09	0.75
8260.261632896538	1200	9.491283385914883	0.0	605884	4648.628548896781	-1.000000082240371e-09	0.75
8264.681510297534	1200	9.071405984916503	0.0	587506	4419.87740099838	-1.000000082240371e-09	1.2
8268.406636578904	1200	9.346279703546926	0.0	566904	3725.1262813695753	-1.000000082240371e-09	1.2
8273.665663292573	1200	8.087252989877875	0.0	641452	5259.026713669051	-1.000000082240371e-09	1.2
8276.8651315559	750	8.887784726550509	0.0	372093	3199.4682633273683	-1.000000082240371e-09	0.3
8281.085132506965	750	8.667783775485407	0.0	438281	4220.000951065101	-1.000000082240371e-09	0.75
8286.385034759924	750	7.3678815225283865	0.0	398987	5299.902252957022	-1.000000082240371e-09	0.75
8290.955489791331	750	6.797426491119884	0.0	393804	4570.455031408502	-1.000000082240371e-09	0.75
8292.322685705065	300	9.430230577386373	0.0	137507	1367.1959137335102	-1.000000082240371e-09	-0.15000000000000002
8297.74732583564	1200	8.005590446811494	0.0	550906	5424.640130574879	-1.000000082240371e-09	0.29999999999999993

