10784.471245563918	750	4.0	4.316718207694552	450283	4316.718207694552	0.029058190062642097	-17.81188829308657
10785.266653592324	300	7.204591971595131	0.0	155580	795.4080284048688	0.004705176223069429	-0.15000000000000002
10786.279394478568	300	10.191851085350168	0.0	139857	1012.740886244963	0.005333874840289354	0.3
10787.214074568881	300	13.257170995038038	0.0	155432	934.6800903121318	0.018310993909835815	0.3
10789.9664434632	750	14.504802100720099	0.0	411561	2752.368894317938	0.6319983005523682	0.3
10792.545378852572	750	15.925866711346083	0.0	318564	2578.9353893740163	0.08881054073572159	0.75
10796.09839215942	750	16.372853404499093	0.0	352642	3553.013306846992	0.013134503737092018	0.75
10799.916849950117	750	16.554395613799795	0.0	437162	3818.4577906992986	0.03473994508385658	0.75
10805.109699175224	750	15.361546388694045	0.0	374758	5192.849225105751	0.013718215748667717	0.75
10811.061979352995	750	13.409266210922448	0.0	362795	5952.280177771597	0.604289710521698	0.75
10812.807509872298	300	15.663735691619829	0.0	141840	1745.530519302617	0.01448082271963358	-0.15000000000000002
10814.935695511867	300	17.53555005204952	0.0	156148	2128.1856395703126	0.008432275615632534	0.3
10816.633867812498	300	19.837377751419755	0.0	160746	1698.1723006297645	0.019084922969341278	0.3
10818.39996748651	300	22.07127807740699	0.0	179801	1766.0996740127632	0.40288999676704407	0.3
10821.700167703035	750	22.77107786088243	0.0	337059	3300.20021652456	0.40812909603118896	0.3
10825.130544310532	750	23.34070125338423	0.0	366214	3430.3766074982004	0.004705176223069429	0.75
10828.515883806598	750	23.95536175731872	0.0	360831	3385.3394960655105	0.004705176223069429	0.75
10832.11379022409	750	24.357455339825176	0.0	372963	3597.906417493541	0.004705176223069429	0.75
10839.184306570927	750	21.28693899298895	0.0	405596	7070.516346836227	0.004705176223069429	0.75
10842.77558571476	750	21.69565984915359	0.0	350713	3591.2791438353634	0.07547110319137573	0.75
10847.937076727063	750	20.534168836851574	0.0	386472	5161.491012302012	0.004705176223069429	0.75
10854.149269091695	750	18.32197647221837	0.0	399894	6212.192364633203	0.008048593997955322	0.75
10861.336507600317	750	15.134737963597221	0.0	401853	7187.238508621151	0.30598968267440796	0.75
10862.992642346073	300	17.478603217840273	0.0	137654	1656.1347457569452	0.009406895376741886	-0.15000000000000002
10864.796002882267	300	19.675242681647237	0.0	146754	1803.360536193041	0.01572677679359913	0.3
10866.747271334034	300	21.723974229880927	0.0	153938	1951.2684517663115	0.08400451391935349	0.3
10868.716193398262	300	23.755052165650234	0.0	181901	1968.9220642306911	0.504625141620636	0.3
10872.386471421798	750	24.084774142114576	0.0	277716	3670.278023535657	0.09681647270917892	0.3
10877.037526625556	750	23.433718938356396	0.0	400396	4651.055203758181	0.004705176223069429	0.75
10880.381521434574	750	24.08972412933965	0.0	400508	3343.9948090167445	0.004705176223069429	0.75
10883.088988296142	750	25.382257267771916	0.0	358218	2707.466861567736	0.004705176223069429	0.75
10887.30457211311	750	25.166673450804677	0.0	400322	4215.583816967239	0.007362871430814266	0.75
10889.81203504298	750	26.659210520933538	0.0	369834	2507.462929871137	0.004705176223069429	0.75
10892.734367043087	750	27.736878520827048	0.0	412837	2922.332000106489	0.03323623165488243	0.75
10896.288191986196	750	28.183053577718113	0.0	401088	3553.824943108934	0.09522978216409683	0.75
10898.488176655208	750	29.98306890870607	0.0	365161	2199.9846690120416	0.09524496644735336	0.75
10901.745881139395	1200	30.72536442451832	0.0	487812	3257.7044841877496	0.3349834680557251	0.75
10905.166696822589	1200	31.304548741324528	0.0	575591	3420.8156831937936	0.004705176223069429	1.2
10908.936468424507	1200	31.53477713940691	0.0	605884	3769.77160191762	0.004705176223069429	1.2
10912.785637741814	1200	31.68560782209949	0.0	587506	3849.1693173074173	0.004705176223069429	1.2
10916.232588660587	1200	32.238656903325854	0.0	566904	3446.9509187736367	0.00815589539706707	1.2
10919.609962605526	1200	32.86128295838709	0.0	641452	3377.3739449387604	0.039655569940805435	1.2
10922.6694558948	1200	33.801789669112274	0.0	599477	3059.4932892748193	0.5726656913757324	1.2
10930.574894795525	2850	29.896350768385943	0.0	1587250	7905.438900726329	0.30870795249938965	1.2000000000000002
10937.658609200762	2850	26.812636363148584	0.0	1464921	7083.714405237358	0.004705176223069429	2.85
10946.903506115434	2850	21.567739448478036	0.0	1483527	9244.896914670544	0.004705176223069429	2.85
10958.216822095663	2850	14.25442346824854	0.0	1231456	11313.315980229498	0.004705176223069429	2.85
10961.110859914235	1200	15.36038564967531	0.0	550906	2894.0378185732307	0.05391812324523926	-0.44999999999999996

