8874.424024999269	750	4.0	4.717391294739914	450283	4717.391294739914	-1.000000082240371e-09	-19.53478256738163
8875.878955135797	300	6.545069863471299	0.0	155580	1454.9301365287008	-1.000000082240371e-09	-0.15000000000000002
8877.129837051903	300	9.294187947363007	0.0	139857	1250.881916108293	-1.000000082240371e-09	0.3
8883.555471716667	1200	6.868553282601067	0.0	617681	6425.634664761939	-1.000000082240371e-09	0.29999999999999993
8885.717881345747	300	8.706143653521359	0.0	163442	2162.4096290797106	-1.000000082240371e-09	-0.6000000000000001
8889.789514595594	750	8.634510403674772	0.0	318564	4071.6332498465854	-1.000000082240371e-09	0.3
8893.408877988053	750	9.01514701121525	0.0	352642	3619.363392459524	-1.000000082240371e-09	0.75
8899.921298925005	1200	6.502726074263357	0.0	709534	6512.420936951892	-1.000000082240371e-09	0.75
8901.445069389807	300	8.978955609461856	0.0	150710	1523.7704648014997	-1.000000082240371e-09	-0.6000000000000001
8904.942821300407	750	9.481203698863531	0.0	362795	3497.7519105983247	-1.000000082240371e-09	0.3
8911.161769536051	1200	7.262255463217742	0.0	607410	6218.94823564579	-1.000000082240371e-09	0.75
8915.439637793506	750	6.984387205763216	0.0	405134	4277.8682574545255	-1.000000082240371e-09	0.3
8917.124600037861	300	9.29942496140728	0.0	160746	1684.9622443559354	-1.000000082240371e-09	-0.15000000000000002
8925.475483087677	1200	4.948541911591379	0.0	687371	8350.8830498159	-1.000000082240371e-09	0.29999999999999993
8928.20272654873	300	6.221298450537941	0.0	140051	2727.2434610534383	-1.000000082240371e-09	-0.6000000000000001
8931.534238548329	300	6.889786450940817	0.0	138313	3331.5119995971236	-1.000000082240371e-09	0.3
8933.518643543975	300	8.905381455294556	0.0	143509	1984.4049956462604	-1.000000082240371e-09	0.3
8939.87734109249	750	6.54668390678001	0.0	372963	6358.697548514547	-1.000000082240371e-09	0.3
8941.960428582603	300	8.463596416667453	0.0	165384	2083.087490112558	-1.000000082240371e-09	-0.15000000000000002
8946.269453565134	750	8.15457143413723	0.0	350713	4309.0249825302235	-1.000000082240371e-09	0.3
8949.502002650352	750	8.922022348918215	0.0	386472	3232.5490852190146	-1.000000082240371e-09	0.75
8952.924901070193	750	9.499123929078298	0.0	399894	3422.8984198399176	-1.000000082240371e-09	0.75
8959.130510289386	1200	7.293514709884621	0.0	656471	6205.609219193677	-1.000000082240371e-09	0.75
8963.393077549434	750	7.030947449838119	0.0	343800	4262.567260046502	-1.000000082240371e-09	0.3
8966.311110262295	750	8.11291473697639	0.0	359903	2918.0327128617296	-1.000000082240371e-09	0.75
8969.595687648678	750	8.828337350594314	0.0	379700	3284.5773863820737	-1.000000082240371e-09	0.75
8975.01662916737	750	7.4073958319013355	0.0	425781	5420.941518692979	-1.000000082240371e-09	0.75
8977.673495662002	750	8.750529337269334	0.0	277716	2656.8664946320023	-1.000000082240371e-09	0.75
8980.748312448604	750	9.675712550667562	0.0	400396	3074.816786601771	-1.000000082240371e-09	0.75
8986.76630665629	1200	7.6577183429792255	0.0	641447	6017.994207688336	-1.000000082240371e-09	0.75
8990.596863806299	750	7.827161192973309	0.0	358218	3830.557150005917	-1.000000082240371e-09	0.3
8993.850834414448	750	8.5731905848229	0.0	400322	3253.9706081504096	-1.000000082240371e-09	0.75
8997.086554595846	750	9.337470403424323	0.0	369834	3235.7201813985776	-1.000000082240371e-09	0.75
9003.490045207554	1200	6.933979791717371	0.0	670129	6403.490611706951	-1.000000082240371e-09	0.75
9005.314976233143	300	9.109048766127916	0.0	179328	1824.9310255894543	-1.000000082240371e-09	-0.6000000000000001
9013.594997954013	1200	4.829027045257551	0.0	598727	8280.021720870365	-1.000000082240371e-09	0.29999999999999993
9015.318250832132	300	7.105774167138529	0.0	131610	1723.2528781190224	-1.000000082240371e-09	-0.6000000000000001
9019.788904772176	750	6.635120227093213	0.0	361565	4470.653940045316	-1.000000082240371e-09	0.3
9021.209680848404	300	9.214344150865353	0.0	144254	1420.7760762278608	-1.000000082240371e-09	-0.15000000000000002
9026.047251039554	1200	8.376773959717553	0.0	587506	4837.570191147799	-1.000000082240371e-09	0.29999999999999993
9029.10313819106	750	9.32088680821189	0.0	345516	3055.8871515056635	-1.000000082240371e-09	0.3
9035.53851446547	1200	6.885510533800478	0.0	641452	6435.376274411412	-1.000000082240371e-09	0.75
9036.902245482492	300	9.521779516778755	0.0	145210	1363.7310170217222	-1.000000082240371e-09	-0.6000000000000001
9042.565522277855	1200	7.85850272141494	0.0	634861	5663.276795363816	-1.000000082240371e-09	0.29999999999999993
9046.191826040023	750	8.232198959245368	0.0	398987	3626.3037621695707	-1.000000082240371e-09	0.3
9049.946406135397	750	8.477618863871536	0.0	393804	3754.5800953738335	-1.000000082240371e-09	0.75
9053.26438743582	750	9.159637563448797	0.0	331053	3317.9813004227385	-1.000000082240371e-09	0.75
9059.570965783389	1200	6.853059215879374	0.0	550906	6306.578347569423	-1.000000082240371e-09	0.75

