22893.387616122054	750	4.0	1.384287999087403	450283	1384.287999087403	-1.000000082240371e-09	-5.202438396075833
22893.90854433643	300	7.479071785625267	0.0	155580	520.9282143747322	-1.000000082240371e-09	-0.15000000000000002
22895.153036996177	750	10.23457912587675	0.0	350812	1244.4926597485185	-1.000000082240371e-09	0.3
22897.566617052333	1200	11.8209990697243	0.0	617681	2413.5800561524507	-1.000000082240371e-09	0.75
22900.928266084	1850	12.459350038054602	0.0	996749	3361.6490316696977	-1.000000082240371e-09	1.2000000000000002
22903.51378781689	1850	13.873828305163897	0.0	801058	2585.5217328907033	-1.000000082240371e-09	1.85
22907.888977661754	2850	13.49863846029757	0.0	1388403	4375.189844866326	-1.000000082240371e-09	1.85
22913.091793935728	2850	12.29582218632384	0.0	1638769	5202.816273973732	-1.000000082240371e-09	2.85
22916.04628514605	1850	13.3413309760012	0.0	852833	2954.4912103226384	-1.000000082240371e-09	0.8500000000000001
22922.11257564619	2850	11.275040475857677	0.0	1429765	6066.290500143524	-1.000000082240371e-09	1.85
22925.857495430057	1850	11.530120691993408	0.0	939819	3744.9197838642694	-1.000000082240371e-09	0.8500000000000001
22932.616022439208	1850	8.771593682841711	0.0	917428	6758.527009151698	-1.000000082240371e-09	1.85
22937.586926435863	750	7.800689686187977	0.0	386351	4970.903996653734	-1.000000082240371e-09	-0.3500000000000001
22940.92402793923	750	8.46358818281975	0.0	434409	3337.1015033682256	-1.000000082240371e-09	0.75
22945.814714920147	750	7.572901201901086	0.0	337059	4890.686980918665	-1.000000082240371e-09	0.75
22949.29160619667	750	8.096009925379025	0.0	366214	3476.8912765220603	-1.000000082240371e-09	0.75
22953.169108111415	750	8.218508010635535	0.0	360831	3877.5019147434905	-1.000000082240371e-09	0.75
22956.812885890013	750	8.574730232036751	0.0	372963	3643.7777785987837	-1.000000082240371e-09	0.75
22961.556921833606	750	7.830694288448232	0.0	405596	4744.035943588519	-1.000000082240371e-09	0.75
22965.04492218053	750	8.342693941521727	0.0	350713	3488.000346926504	-1.000000082240371e-09	0.75
22967.73093810348	750	9.6566780185746	0.0	386472	2686.015922947126	-1.000000082240371e-09	0.75
22972.209284707595	1200	9.178331414458906	0.0	616206	4478.346604115696	-1.000000082240371e-09	0.75
22976.340411724177	1200	9.04720439787758	0.0	656471	4131.127016581325	-1.000000082240371e-09	1.2
22979.087798659788	1200	10.299817462269104	0.0	536667	2747.386935608476	-1.000000082240371e-09	1.2
22982.974509720654	1200	10.413106401401167	0.0	587236	3886.711060867937	-1.000000082240371e-09	1.2
22986.864825915083	1200	10.522790206971333	0.0	590335	3890.3161944298354	-1.000000082240371e-09	1.2
22992.215939431488	1200	9.1716766905671	0.0	696376	5351.1135164042325	-1.000000082240371e-09	1.2
22996.019541874888	1200	9.368074247167465	0.0	487160	3803.602443399633	-1.000000082240371e-09	1.2
23002.339798589142	1200	7.047817532911557	0.0	622896	6320.256714255909	-1.000000082240371e-09	1.2
23005.13854766829	750	8.249068453761598	0.0	400508	2798.749079149959	-1.000000082240371e-09	0.3
23007.87505285105	750	9.512563271003474	0.0	358218	2736.505182758125	-1.000000082240371e-09	0.75
23011.873037570535	1200	9.514578551517829	0.0	620283	3997.984719485644	-1.000000082240371e-09	0.75
23015.3284086564	1200	10.059207465650612	0.0	584349	3455.371085867216	-1.000000082240371e-09	1.2
23019.12733344354	1200	10.260282678517974	0.0	670129	3798.9247871326374	-1.000000082240371e-09	1.2
23022.65364638208	1200	10.73396973997146	0.0	690253	3526.3129385465145	-1.000000082240371e-09	1.2
23026.201406557542	1200	11.186209564511751	0.0	598727	3547.760175459709	-1.000000082240371e-09	1.2
23029.61722537988	1850	11.770390742172415	0.0	728962	3415.8188223393363	-1.000000082240371e-09	1.2000000000000002
23035.52970234261	1850	9.857913779443471	0.0	938587	5912.4769627289415	-1.000000082240371e-09	1.85
23039.049865607092	1200	10.337750514961488	0.0	605884	3520.1632644819847	-1.000000082240371e-09	0.5499999999999999
23042.036804022177	1200	11.350812099875686	0.0	587506	2986.9384150858023	-1.000000082240371e-09	1.2
23048.08701774715	1850	9.300598374902048	0.0	858450	6050.213724973638	-1.000000082240371e-09	1.2000000000000002
23052.86787272945	1200	8.519743392606012	0.0	641452	4780.854982296037	-1.000000082240371e-09	0.5499999999999999
23055.916872662645	750	9.470743459411274	0.0	372093	3048.999933194736	-1.000000082240371e-09	0.3
23059.616731788312	1200	9.770884333745581	0.0	634861	3699.8591256656928	-1.000000082240371e-09	0.75
23062.536908989685	1200	10.850707132371122	0.0	630203	2920.17720137446	-1.000000082240371e-09	1.2
23065.307614140107	1200	12.080001981948344	0.0	638661	2770.7051504227784	-1.000000082240371e-09	1.2
23069.05425116173	1850	12.333364960325854	0.0	830730	3746.637021622489	-1.000000082240371e-09	1.2000000000000002
23072.381486856684	1850	13.006129265375169	0.0	846370	3327.2356949506866	-1.000000082240371e-09	1.85

