6669.459860375876	750	4.0	3.974865311257283	450283	3974.865311257283	0.4415544271469116	-16.341920838406317
6670.636979399299	300	6.822880976576757	0.0	155580	1177.1190234232433	0.004705176223069429	-0.15000000000000002
6671.519169222252	300	9.94069115362493	0.0	139857	882.1898229518268	0.004705176223069429	0.3
6672.525648793266	300	12.934211582611233	0.0	155432	1006.4795710136967	0.021350646391510963	0.3
6673.554731380493	300	15.905128995383992	0.0	163442	1029.0825872272417	0.6753171682357788	0.3
6675.116976801077	750	18.342883574799668	0.0	318564	1562.2454205843242	0.19600991904735565	0.3
6677.634931719004	1200	19.82492865687271	0.0	561791	2517.954917926957	0.6622778177261353	0.75
6680.697576456333	1200	20.762283919543137	0.0	709534	3062.6447373295746	0.004831530153751373	1.2
6685.008396475588	1200	20.451463900288697	0.0	584846	4310.820019254437	0.004705176223069429	1.2
6687.166019023101	1200	22.293841352774535	0.0	560821	2157.6225475141623	0.035243842750787735	1.2
6690.133285424582	1200	23.326574951294205	0.0	607410	2967.2664014803318	0.004705176223069429	1.2
6693.2322644903015	1200	24.227595885573923	0.0	594078	3098.979065720281	0.004705176223069429	1.2
6696.144765139856	1200	25.315095236019857	0.0	624282	2912.500649554066	0.004705176223069429	1.2
6699.7649076780335	1200	25.694952697841828	0.0	687371	3620.1425381780273	0.004705176223069429	1.2
6702.665089084601	1200	26.794771291273907	0.0	526950	2900.181406567922	0.004705176223069429	1.2
6705.579679772903	1200	27.880180602972278	0.0	587876	2914.590688301628	0.004705176223069429	1.2
6708.887805796113	1200	28.572054579761275	0.0	617242	3308.126023211002	0.004705176223069429	1.2
6711.4127410075735	1200	30.047119368300372	0.0	581493	2524.935211460901	0.004705176223069429	1.2
6714.2456790730175	1200	31.214181302857032	0.0	639204	2832.9380654433426	0.004705176223069429	1.2
6716.892619778196	1200	32.56724059767868	0.0	586839	2646.9407051783446	0.004705176223069429	1.2
6720.070627545366	1200	33.38923283050761	0.0	601738	3178.0077671710806	0.004705176223069429	1.2
6723.504496827651	1200	33.955363548222515	0.0	616206	3433.8692822850926	0.004705176223069429	1.2
6726.763425370816	1200	34.696435005057886	0.0	656471	3258.9285431646276	0.004705176223069429	1.2
6729.241187594664	1200	36.21867278121012	0.0	536667	2477.7622238477675	0.004705176223069429	1.2
6731.757522346016	1200	37.70233802985782	0.0	587236	2516.3347513523	0.004705176223069429	1.2
6734.022292576758	1200	39.437567799115385	0.0	590335	2264.7702307424356	0.013697483576834202	1.2
6736.3406275263815	1200	41.11923284949225	0.0	696376	2318.334949623139	0.07573435455560684	1.2
6740.533302403497	2850	40.926557972375704	0.0	1141971	4192.674877116543	0.6570272445678711	1.2000000000000002
6746.406982193419	2850	39.05287818245419	0.0	1498470	5873.679789921519	0.004705176223069429	2.85
6753.73009115141	2850	35.729769224462316	0.0	1561263	7323.108957991866	0.004705176223069429	2.85
6759.930450502192	2850	33.52940987368156	0.0	1341201	6200.359350780761	0.004705176223069429	2.85
6766.282987948283	2850	31.17687242758951	0.0	1497683	6352.5374460920475	0.004705176223069429	2.85
6778.752576218936	2850	22.70728415693655	0.0	1358081	12469.588270652965	0.004705176223069429	2.85
6782.619597904284	1200	22.840262471588225	0.0	670129	3867.0216853483203	0.004705176223069429	-0.44999999999999996
6786.58006783168	1200	22.879792544192664	0.0	690253	3960.4699273955625	0.004705176223069429	1.2
6790.0050846591	1200	23.454775716772698	0.0	598727	3425.0168274199646	0.004705176223069429	1.2
6792.913655679872	1200	24.54620469600053	0.0	487812	2908.571020772172	0.005480799358338118	1.2
6797.005449759097	1200	24.454410616775874	0.0	575591	4091.7940792246573	0.008672988973557949	1.2
6803.09878158674	1200	22.36107878913293	0.0	605884	6093.331827642945	0.00474376417696476	1.2
6810.706231195849	1200	18.753629180024195	0.0	587506	7607.449609108729	0.011320543475449085	1.2
6813.277688269973	750	20.182172105900214	0.0	345516	2571.4570741239813	0.5852096080780029	0.3
6818.071896358631	1200	19.38796401724125	0.0	641452	4794.208088658968	0.6413484811782837	0.75
6826.044276147276	1200	15.415584228596241	0.0	599477	7972.379788645007	0.0064256321638822556	1.2
6830.967455343727	750	14.492405032145179	0.0	438281	4923.17919645106	0.3013033866882324	0.3
6834.122524543723	750	15.33733583214942	0.0	398987	3155.0691999957585	0.005185820162296295	0.75
6836.907157030507	750	16.552703345365465	0.0	393804	2784.632486783957	0.12676182389259338	0.75
6840.277622040394	1200	17.182238335478914	0.0	538612	3370.465009886552	0.3126925528049469	0.75
6843.776361370265	1200	17.6834990056085	0.0	550906	3498.739329870414	0.0048080990090966225	1.2

