1945.641364691558	750	4.0	4.264022486880352	450283	4264.022486880352	0.004705176223069429	-17.585296693585512
1946.8949456871542	300	6.746419004404097	0.0	155580	1253.5809955959026	0.004705176223069429	-0.15000000000000002
1948.0550382376266	300	9.586326453931424	0.0	139857	1160.0925504726724	0.004705176223069429	0.3
1949.6301795787388	300	12.011185112819247	0.0	155432	1575.141341112178	0.004705176223069429	0.3
1953.7487172798294	300	11.892647411728696	0.0	163442	4118.53770109055	0.014518487267196178	0.3
1957.192167592527	300	12.449197099030972	0.0	126289	3443.450312697726	0.004705176223069429	0.3
1961.2551773982746	300	12.386187293283337	0.0	153295	4063.009805747634	0.004705176223069429	0.3
1966.2731571641445	300	11.368207527413329	0.0	173849	5017.979765870008	0.004705176223069429	0.3
1970.1991595821253	300	11.442205109432708	0.0	150710	3926.002417980623	0.004705176223069429	0.3
1972.306946590223	300	13.334418101334908	0.0	139105	2107.7870080978	0.004705176223069429	0.3
1973.7261343711425	300	15.915230320415505	0.0	141840	1419.1877809194025	0.004705176223069429	0.3
1975.1934311471246	300	18.44793354443348	0.0	156148	1467.2967759820283	0.00567327905446291	0.3
1976.4950210694883	300	21.14634362206992	0.0	160746	1301.5899223635577	0.06015504524111748	0.3
1981.442508712002	750	20.1988559795561	0.0	434409	4947.487642513823	0.6268137693405151	0.3
1987.0089331615761	750	18.6324315299822	0.0	337059	5566.424449573905	0.02098403498530388	0.75
1990.6468658349074	750	18.99449885665083	0.0	366214	3637.932673331368	0.6213836073875427	0.75
1993.230269310729	750	20.411095380829163	0.0	360831	2583.4034758216667	0.01705009862780571	0.75
1997.4874999484389	750	20.153864743119403	0.0	372963	4257.230637709759	0.004868784919381142	0.75
2002.0894013695358	750	19.551963322022576	0.0	405596	4601.901421096827	0.004705176223069429	0.75
2004.8653746061768	750	20.77599008538173	0.0	350713	2775.973236640851	0.00923357717692852	0.75
2011.7665740402906	750	17.874790651267826	0.0	386472	6901.199434113901	0.004705176223069429	0.75
2014.1849164550424	300	19.456448236516135	0.0	157812	2418.3424147516916	0.5484718084335327	-0.15000000000000002
2015.5648266896394	300	22.076538001919104	0.0	163927	1379.9102345970318	0.11151225864887238	0.3
2019.2066752138007	750	22.434689477757683	0.0	343800	3641.848524161423	0.2598217725753784	0.3
2024.6748240719114	750	20.966540619647	0.0	359903	5468.148858110684	0.004705176223069429	0.75
2028.7905965016032	750	20.850768189955126	0.0	379700	4115.772429691877	0.010096686892211437	0.75
2033.9641993396535	750	19.677165351904733	0.0	425781	5173.602838050393	0.005064913537353277	0.75
2037.1727107280183	750	20.468653963539975	0.0	277716	3208.511388364758	0.011048405431210995	0.75
2041.3057212162746	750	20.335643475283614	0.0	400396	4133.01048825636	0.004705176223069429	0.75
2044.839951207611	750	20.80141348394726	0.0	400508	3534.229991336354	0.004705176223069429	0.75
2048.180237783981	750	21.46112690757747	0.0	358218	3340.2865763697914	0.004705176223069429	0.75
2051.724015941769	750	21.91734874978959	0.0	400322	3543.7781577878827	0.004705176223069429	0.75
2057.0028627847455	750	20.638501906812756	0.0	369834	5278.846842976833	0.004705176223069429	0.75
2061.123090585625	750	20.518274105932942	0.0	412837	4120.227800879815	0.004705176223069429	0.75
2065.2916644737925	750	20.3497002177659	0.0	401088	4168.573888167042	0.004705176223069429	0.75
2068.8833925257654	750	20.75797216579268	0.0	365161	3591.7280519732226	0.004705176223069429	0.75
2071.44974806766	750	22.191616623897893	0.0	321064	2566.3555418947844	0.0062487488612532616	0.75
2076.867995054266	750	20.773369637291943	0.0	361565	5418.246986605953	0.0367121659219265	0.75
2086.834031957359	750	14.807332734199074	0.0	378327	9966.03690309287	0.004705176223069429	0.75
2091.541013811683	300	14.100350879874837	0.0	149991	4706.981854324235	0.00664159469306469	-0.15000000000000002
2094.6375494987487	300	15.003815192809352	0.0	147968	3096.5356870654846	0.004705176223069429	0.3
2096.7462044111135	300	16.89516028044464	0.0	161857	2108.654912364713	0.0713915005326271	0.3
2100.003447032267	750	17.637917659290647	0.0	372093	3257.242621153989	0.3218644857406616	0.3
2104.7479675397894	750	16.893397151768134	0.0	438281	4744.520507522515	0.016186432912945747	0.75
2111.1798941477286	750	14.461470543829371	0.0	398987	6431.9266079387635	0.004705176223069429	0.75
2114.8828540828063	750	14.758510608751793	0.0	393804	3702.9599350775793	0.04316170513629913	0.75
2117.1634958163368	750	16.477868875220725	0.0	331053	2280.641733531071	0.009473280981183052	0.75
2120.9059777880566	750	16.735386903500928	0.0	314107	3742.4819717197965	0.6965333223342896	0.75

