5566.626143341559	750	4.0	2.8275693741498356	450283	2827.5693741498358	0.004705176223069429	-11.408548308844292
5567.458743738082	300	7.167399603477153	0.0	155580	832.600396522847	0.1727350652217865	-0.15000000000000002
5568.173994779678	300	10.452148561881389	0.0	139857	715.2510415957636	0.025773346424102783	0.3
5569.8604252669475	750	12.765718074611508	0.0	382355	1686.4304872698822	0.6317695379257202	0.3
5578.740672165026	1200	7.88547117653279	0.0	652874	8880.246898078718	0.16831429302692413	0.75
5581.1181245697935	300	9.508018771765284	0.0	126289	2377.452404767507	0.004705176223069429	-0.6000000000000001
5583.96561050242	300	10.660532839138133	0.0	153295	2847.4859326271508	0.004705176223069429	0.3
5587.297762370967	300	11.328380970591331	0.0	173849	3332.1518685468022	0.004705176223069429	0.3
5589.553874618345	300	13.07226872321305	0.0	150710	2256.1122473782816	0.004705176223069429	0.3
5592.255026640387	300	14.37111670117034	0.0	139105	2701.15202204271	0.005003008060157299	0.3
5597.037889075388	300	13.588254266169603	0.0	141840	4782.862435000738	0.004705176223069429	0.3
5601.61450317188	300	13.011640169678037	0.0	156148	4576.614096491566	0.004705176223069429	0.3
5605.352880400554	300	13.273262941004575	0.0	160746	3738.377228673464	0.004705176223069429	0.3
5609.020841181557	300	13.605302160000065	0.0	179801	3667.960781004509	0.004705176223069429	0.3
5611.359325632867	300	15.266817708691496	0.0	140051	2338.4844513085686	0.004705176223069429	0.3
5613.99790543806	300	16.628237903497983	0.0	138313	2638.5798051935126	0.004705176223069429	0.3
5616.812550218749	300	17.813593122809245	0.0	143509	2814.644780688736	0.004705176223069429	0.3
5620.095985988607	300	18.53015735295166	0.0	150616	3283.4357698575836	0.004705176223069429	0.3
5624.084532819708	300	18.54161052185011	0.0	165384	3988.5468311015507	0.004705176223069429	0.3
5627.194870952805	300	19.431272388752586	0.0	140881	3110.338133097522	0.004705176223069429	0.3
5629.978569193373	300	20.64757414818439	0.0	157671	2783.698240568197	0.008518407121300697	0.3
5632.76512338558	300	21.86101995597772	0.0	157812	2786.5541922066695	0.034533560276031494	0.3
5635.896637241673	300	22.729506099885047	0.0	163927	3131.513856092674	0.16042764484882355	0.3
5638.414659895198	300	24.211483446359555	0.0	137654	2518.0226535254897	0.3195134997367859	0.3
5649.063647961822	750	17.562495379735775	0.0	359903	10648.988066623782	0.696831226348877	0.3
5650.5492749149025	300	20.07686842665554	0.0	153938	1485.6269530802351	0.004705176223069429	-0.15000000000000002
5652.142491149584	300	22.483652191974798	0.0	181901	1593.2162346807431	0.11489006876945496	0.3
5654.696343084111	750	23.92980025744771	0.0	277716	2553.851934527088	0.4942866861820221	0.3
5658.168895084125	750	24.45724825743374	0.0	400396	3472.552000013968	0.004705176223069429	0.75
5662.977594354281	750	23.648548987277103	0.0	400508	4808.699270156638	0.004705176223069429	0.75
5668.316966485867	750	22.309176855691472	0.0	358218	5339.372131585632	0.004705176223069429	0.75
5671.74956069757	750	22.876582643988797	0.0	400322	3432.5942117026766	0.004705176223069429	0.75
5674.338431663621	750	24.28771167793733	0.0	369834	2588.8709660514637	0.004705176223069429	0.75
5677.116154161343	750	25.50998918021634	0.0	412837	2777.7224977209908	0.019126486033201218	0.75
5680.860422717794	750	25.765720623765265	0.0	401088	3744.268556451076	0.11678477376699448	0.75
5685.497002080799	750	25.129141260760274	0.0	365161	4636.57936300499	0.026770874857902527	0.75
5692.308421385775	750	22.31772195578495	0.0	321064	6811.419304975326	0.007043853867799044	0.75
5698.131810927914	750	20.494332413645395	0.0	361565	5823.389542139552	0.004705176223069429	0.75
5702.123440382708	750	20.502702958850502	0.0	378327	3991.6294547948933	0.004705176223069429	0.75
5705.625123948274	750	21.001019393285492	0.0	390680	3501.6835655650093	0.007847663946449757	0.75
5707.41224929324	750	23.21389404831947	0.0	345516	1787.125344966023	0.06155182421207428	0.75
5711.166691284493	1200	23.45945205706705	0.0	641452	3754.4419912524227	0.11059506237506866	0.75
5716.178759861522	1200	22.44738348003767	0.0	599477	5012.068577029382	0.004705176223069429	1.2
5726.785179342181	1200	15.840963999378495	0.0	634861	10606.419480659173	0.007936886511743069	1.2
5733.671206102039	750	12.95493723952123	0.0	398987	6886.026759857265	0.00917157344520092	0.3
5745.013181102498	750	5.612962239062442	0.0	393804	11341.975000458788	0.06988320499658585	0.75
5748.139952169067	300	6.486191172492599	0.0	137507	3126.771066569844	0.004705176223069429	-0.15000000000000002
5750.588032903434	300	8.038110438125079	0.0	118421	2448.0807343675197	0.004705176223069429	0.3

