18703.086410350894	750	4.0	3.0006457348380566	450283	3000.645734838057	0.004705176223069429	-12.152776659803642
18704.32914845522	300	6.757261895671289	0.0	155580	1242.7381043287116	0.07509048283100128	-0.15000000000000002
18705.22084088629	300	9.865569464602235	0.0	139857	891.6924310690526	0.004705176223069429	0.3
18706.253996150368	300	12.832414200525783	0.0	155432	1033.155264076452	0.049178749322891235	0.3
18707.376690913818	300	15.709719437075744	0.0	163442	1122.6947634500368	0.6964128017425537	0.3
18709.93244780486	750	17.153962546035878	0.0	318564	2555.756891039868	0.26642197370529175	0.3
18713.42551358667	750	17.66089676422462	0.0	352642	3493.0657818112572	0.026016730815172195	0.75
18718.531889293794	750	16.55452105710165	0.0	437162	5106.37570712297	0.006464752834290266	0.75
18720.93927374529	750	18.147136605605333	0.0	374758	2407.384451496316	0.29888635873794556	0.75
18723.428251103098	750	19.658159247798004	0.0	362795	2488.97735780733	0.020729979500174522	0.75
18725.92009394059	750	21.166316410306077	0.0	353220	2491.8428374919295	0.05766045302152634	0.75
18728.72252821582	750	22.363882135074128	0.0	405134	2802.4342752319494	0.06211128458380699	0.75
18732.609750654596	750	22.476659696297652	0.0	386351	3887.222438776476	0.05998053774237633	0.75
18735.906287358244	750	23.180122992649796	0.0	434409	3296.536703647857	0.004772622603923082	0.75
18737.568791940572	750	25.517618410318825	0.0	337059	1662.5045823309717	0.012538265436887741	0.75
18739.258609020697	750	27.82780133019706	0.0	366214	1689.8170801217652	0.5495308637619019	0.75
18742.00042515728	1200	29.085985193613254	0.0	617242	2741.8161365838046	0.183583065867424	0.75
18744.433915776994	1200	30.65249457389761	0.0	581493	2433.4906197156447	0.004705176223069429	1.2
18747.492658371968	1200	31.593751978923873	0.0	639204	3058.7425949737367	0.004705176223069429	1.2
18749.833194547144	1200	33.25321580374645	0.0	586839	2340.5361751774253	0.004705176223069429	1.2
18752.637029058555	1200	34.44938129233681	0.0	601738	2803.8345114096355	0.004705176223069429	1.2
18756.247945059622	1200	34.83846529126573	0.0	616206	3610.916001071084	0.004705176223069429	1.2
18760.14731145719	1200	34.93909889369771	0.0	656471	3899.3663975680197	0.004705176223069429	1.2
18764.16903716365	1200	34.91737318723855	0.0	536667	4021.7257064591518	0.004705176223069429	1.2
18769.504298598808	1200	33.58211175208178	0.0	587236	5335.261435156771	0.004705176223069429	1.2
18775.45115084224	1200	31.635259508647138	0.0	590335	5946.852243434642	0.007653290405869484	1.2
18779.66312672498	1200	31.42328362591004	0.0	696376	4211.975882737097	0.06724529713392258	1.2
18781.916278622688	1200	33.17013172820308	0.0	487160	2253.1518977069604	0.005224376451224089	1.2
18785.22935651197	1200	33.857053838921566	0.0	622896	3313.0778892815124	0.004705176223069429	1.2
18788.585669658387	1200	34.50074069250633	0.0	641447	3356.3131464152425	0.004705176223069429	1.2
18791.64557209831	1200	35.44083825258203	0.0	570392	3059.9024399242944	0.004705176223069429	1.2
18795.163017234943	1200	35.92339311594949	0.0	620283	3517.445136632543	0.004705176223069429	1.2
18798.31477365665	1200	36.77163669424287	0.0	584349	3151.756421706616	0.004705176223069429	1.2
18801.80601822661	1200	37.280392124285164	0.0	670129	3491.2445699577092	0.004705176223069429	1.2
18805.042239953436	1200	38.04417039745805	0.0	690253	3236.2217268271124	0.008689628913998604	1.2
18808.181444216414	1200	38.90496613447702	0.0	598727	3139.2042629810317	0.12691834568977356	1.2
18811.88690133576	1200	39.199509015130545	0.0	487812	3705.457119346483	0.5490682125091553	1.2
18816.20410445945	1200	38.88230589143777	0.0	575591	4317.203123692771	0.04388530179858208	1.2
18821.523438248452	1200	37.562972102439566	0.0	605884	5319.333788998202	0.02586483210325241	1.2
18826.09503051067	1200	36.99137984021981	0.0	587506	4571.592262219763	0.005915664602071047	1.2
18829.16351903903	1200	37.92289131185953	0.0	566904	3068.488528360281	0.021526657044887543	1.2
18836.845767089348	2850	34.24064326154273	0.0	1527299	7682.2480503168035	0.6966928243637085	1.2000000000000002
18843.73447473462	2850	31.351935616267088	0.0	1343002	6888.7076452756355	0.004705176223069429	2.85
18861.441948026557	2850	17.644462324334285	0.0	1587250	17707.473291932805	0.004705176223069429	2.85
18863.36628870573	750	19.72012164516366	0.0	398987	1924.3406791706236	0.49132421612739563	-1.35
18866.443901790768	1200	20.642508560124107	0.0	638661	3077.6130850395507	0.006717025768011808	0.75
18872.145722437777	2850	18.94068791311661	0.0	1231456	5701.820647007497	0.4553348124027252	1.2000000000000002
18886.05400163897	2850	9.032408711921294	0.0	1364537	13908.279201195315	0.004705176223069429	2.85

