6124.338496317773	750	4.0	6.579692689023528	450283	6579.692689023527	0.004705176223069429	-27.542678562801168
6125.325284233923	300	7.013212083850239	0.0	155580	986.7879161497615	0.004705176223069429	-0.15000000000000002
6127.273470286031	300	9.065026031742615	0.0	139857	1948.1860521076244	0.004705176223069429	0.3
6131.279594051783	300	9.058902265989714	0.0	155432	4006.1237657529027	0.004705176223069429	0.3
6135.373140604448	300	8.965355713323753	0.0	163442	4093.546552665962	0.004705176223069429	0.3
6137.481711793384	300	10.856784524387702	0.0	126289	2108.57118893605	0.004705176223069429	0.3
6139.657991669	300	12.680504648772505	0.0	153295	2176.2798756151965	0.004705176223069429	0.3
6143.0717846094285	300	13.26671170834403	0.0	173849	3413.7929404284755	0.004705176223069429	0.3
6145.92575043491	300	14.412745882862826	0.0	150710	2853.965825481205	0.004705176223069429	0.3
6148.4613364567385	300	15.877159861034803	0.0	139105	2535.5860218280227	0.004705176223069429	0.3
6149.96386935145	300	18.374626966323696	0.0	141840	1502.5328947111045	0.004705176223069429	0.3
6151.1885848637685	300	21.149911454003995	0.0	156148	1224.7155123197024	0.030862804502248764	0.3
6153.70766747822	750	22.63082883955273	0.0	386351	2519.0826144512653	0.6337682008743286	0.3
6156.383616802464	750	23.954879515309983	0.0	434409	2675.9493242427484	0.01105757337063551	0.75
6158.7419829804585	750	25.596513337315155	0.0	337059	2358.3661779948284	0.05222737044095993	0.75
6161.084936172576	750	27.25356014519756	0.0	366214	2342.953192117596	0.026231367141008377	0.75
6163.2640809756995	750	29.074415342074087	0.0	360831	2179.1448031234736	0.11795049160718918	0.75
6165.314987698154	750	31.02350861961908	0.0	372963	2050.906722455008	0.471969872713089	0.75
6170.525484149655	1200	29.81301216811801	0.0	639204	5210.49645150107	0.5219728350639343	0.75
6174.091095096331	1200	30.24740122144223	0.0	586839	3565.6109466757775	0.08792484551668167	1.2
6178.855995222999	1200	29.482501094774225	0.0	601738	4764.900126668005	0.01121846679598093	1.2
6181.9050034983975	1200	30.43349281937537	0.0	616206	3049.0082753988586	0.07728586345911026	1.2
6184.736425907027	1200	31.60207041074635	0.0	656471	2831.4224086290205	0.004705176223069429	1.2
6187.198147553771	1200	33.140348764001736	0.0	536667	2461.721646744614	0.004705176223069429	1.2
6189.768846473813	1200	34.56964984396008	0.0	587236	2570.698920041658	0.004705176223069429	1.2
6191.894490274854	1200	36.444006042918744	0.0	590335	2125.643801041336	0.004705176223069429	1.2
6194.885310455759	1200	37.453185862014	0.0	696376	2990.8201809047396	0.01309418585151434	1.2
6197.271292049065	1200	39.06720426870777	0.0	487160	2385.981593306235	0.060466937720775604	1.2
6201.587921644385	1200	38.750574673388	0.0	622896	4316.629595319768	0.024779491126537323	1.2
6205.634984728037	1200	38.70351158973598	0.0	641447	4047.063083652018	0.004705176223069429	1.2
6208.762081015161	1200	39.57641530261252	0.0	570392	3127.0962871234565	0.004705176223069429	1.2
6212.720595530013	1200	39.61790078776053	0.0	620283	3958.514514851984	0.006922428961843252	1.2
6219.19745122476	1200	37.14104509301354	0.0	584349	6476.855694746988	0.005501178093254566	1.2
6234.734662366575	1200	25.603833951198226	0.0	670129	15537.211141815314	0.0049906023778021336	1.2
6244.69411941541	750	19.644376902364044	0.0	401088	9959.457048834181	0.027790017426013947	0.3
6253.5717689114	750	14.766727406373906	0.0	365161	8877.64949599014	0.6251547336578369	0.75
6255.927308366587	300	16.41118795118734	0.0	131610	2355.5394551865666	0.051074035465717316	-0.15000000000000002
6257.344422324365	300	18.994073993409195	0.0	124011	1417.1139577781462	0.08458613604307175	0.3
6259.4634197897485	750	20.875076528026224	0.0	378327	2118.9974653829695	0.3155725598335266	0.3
6261.582210763207	750	22.756285554567775	0.0	390680	2118.790973458452	0.21302025020122528	0.75
6264.342438140628	1200	23.996058177146335	0.0	566904	2760.2273774214395	0.2759779393672943	0.75
6273.622370647886	1200	18.716125669888637	0.0	641452	9279.932507257698	0.007954071275889874	1.2
6277.531300309327	750	18.807196008446578	0.0	372093	3908.9296614420573	0.14600516855716705	0.3
6280.540008404586	750	19.7984879131888	0.0	438281	3008.708095257777	0.03447319567203522	0.75
6285.480934969021	1200	18.857561348752927	0.0	630203	4940.926564435873	0.42519456148147583	0.75
6289.707102434696	1200	18.631393883078186	0.0	638661	4226.167465674743	0.005348418839275837	1.2
6292.273603985997	1200	20.064892331776154	0.0	538612	2566.501551302029	0.006326534319669008	1.2
6295.146973402167	1200	21.1915229156077	0.0	550906	2873.369416168453	0.2819942235946655	1.2

