23542.9653439283	750	4.0	2.566216384271528	450283	2566.216384271528	0.18332280218601227	-10.28473045236757
23543.87518523194	300	7.0901586963599605	0.0	155580	909.8413036400393	0.5143373012542725	-0.15000000000000002
23544.56424259494	300	10.401101333355498	0.0	139857	689.0573630044631	0.018638571724295616	0.3
23545.942296529804	750	13.02304739849401	0.0	382355	1378.0539348614893	0.5136440396308899	0.3
23548.17230904603	1200	14.793034882268536	0.0	652874	2230.012516225473	0.009151625446975231	0.75
23549.814066426065	1200	17.151277502232002	0.0	520315	1641.7573800365333	0.004705176223069429	1.2
23551.605596437716	1200	19.359747490580734	0.0	561791	1791.5300116512678	0.004705176223069429	1.2
23554.251478623635	1200	20.713865304660036	0.0	709534	2645.8821859206964	0.004705176223069429	1.2
23556.107169990828	1200	22.8581739374685	0.0	584846	1855.6913671915374	0.004705176223069429	1.2
23557.9206037286	1200	25.044740199696303	0.0	560821	1813.4337377721974	0.004705176223069429	1.2
23560.01505112185	1200	26.95029280644577	0.0	607410	2094.4473932505316	0.005704869050532579	1.2
23562.774667891168	1200	28.19067603713007	0.0	594078	2759.6167693157017	0.012109905481338501	1.2
23565.878269635028	1200	29.08707429326972	0.0	624282	3103.6017438603503	0.004846157971769571	1.2
23568.579151015452	1200	30.38619291284676	0.0	687371	2700.8813804229576	0.004705176223069429	1.2
23570.699199427712	1200	32.2661445005871	0.0	526950	2120.048412259657	0.006502177100628614	1.2
23573.035328202655	1200	33.93001572564649	0.0	587876	2336.1287749406115	0.007834847085177898	1.2
23575.72780112799	1200	35.23754280031257	0.0	617242	2692.472925333916	0.01975616067647934	1.2
23577.88128392338	1200	37.08406000492252	0.0	581493	2153.4827953900563	0.018812069669365883	1.2
23580.673407935094	1200	38.291935993209975	0.0	639204	2792.1240117125412	0.05589364469051361	1.2
23583.402372643413	1200	39.56297128489057	0.0	586839	2728.964708319409	0.041768308728933334	1.2
23586.95341165121	1200	40.011932277094566	0.0	601738	3551.039007796005	0.04373037815093994	1.2
23590.16043202675	1200	40.804911901555435	0.0	616206	3207.02037553913	0.007238260004669428	1.2
23593.81893497943	1200	41.14640894887628	0.0	656471	3658.502952679162	0.008128263056278229	1.2
23598.053855027545	1200	40.9114889007634	0.0	536667	4234.920048112873	0.008593308739364147	1.2
23605.114265364304	1200	37.85107856400501	0.0	587236	7060.410336758394	0.004705176223069429	1.2
23610.08936966794	1200	36.87597426036875	0.0	590335	4975.104303636261	0.022381741553544998	1.2
23618.09292327368	1200	32.87242065462444	0.0	696376	8003.5536057443105	0.012203505262732506	1.2
23622.2632599907	1200	32.70208393760919	0.0	487160	4170.336717015252	0.3717513978481293	1.2
23625.932815595726	1200	33.03252833257987	0.0	622896	3669.5556050293108	0.051039133220911026	1.2
23629.218178484407	1200	33.747165443901785	0.0	641447	3285.362888678089	0.007555737625807524	1.2
23632.040466426137	1200	34.92487750217011	0.0	570392	2822.2879417316685	0.004705176223069429	1.2
23635.107431633613	1200	35.857912294692206	0.0	620283	3066.9652074779065	0.004705176223069429	1.2
23637.550560121912	1200	37.41478380639328	0.0	584349	2443.1284882989253	0.004705176223069429	1.2
23641.24655041096	1200	37.71879351734661	0.0	670129	3695.9902890466706	0.03566153720021248	1.2
23645.267930492482	1200	37.697413435823435	0.0	690253	4021.3800815231734	0.009495846927165985	1.2
23649.01822359388	1200	37.94712033442809	0.0	598727	3750.2931013953425	0.009756544604897499	1.2
23652.055144166592	1200	38.91019976171519	0.0	487812	3036.9205727129042	0.05065082386136055	1.2
23656.277509836353	1200	38.6878340919555	0.0	575591	4222.365669759689	0.11195105314254761	1.2
23664.52140987219	1200	34.44393405611541	0.0	605884	8243.900035840094	0.07495272904634476	1.2
23668.83010118451	1200	34.13524274379912	0.0	587506	4308.691312316289	0.005780012346804142	1.2
23672.248919614052	1200	34.71642431425712	0.0	566904	3418.818429541999	0.00579979969188571	1.2
23677.41086999809	1200	33.55447393021872	0.0	641452	5161.9503840383995	0.07139788568019867	1.2
23681.94567785045	1200	33.01966607785918	0.0	599477	4534.807852359544	0.04203543812036514	1.2
23687.0370797932	1200	31.928264135108737	0.0	634861	5091.401942750439	0.040408939123153687	1.2
23692.849366226634	1200	30.11597770167506	0.0	630203	5812.2864334336755	0.011867986992001534	1.2
23700.19203952238	1200	26.773304405928204	0.0	638661	7342.673295746856	0.009056055918335915	1.2
23704.038376370314	1200	26.92696755799208	0.0	538612	3846.336847936124	0.004705176223069429	1.2
23707.59911345586	1200	27.366230472443224	0.0	550906	3560.737085548854	0.10106050968170166	1.2

