11671.513869594974	750	4.0	3.9247822452337946	450283	3924.7822452337946	-1.000000082240371e-09	-16.126563654505315
11672.86526588819	300	6.648603706784821	0.0	155580	1351.3962932151785	-1.000000082240371e-09	-0.15000000000000002
11673.9174029522	300	9.596466642774697	0.0	139857	1052.1370640101254	-1.000000082240371e-09	0.3
11678.620748479758	1200	8.893121115217708	0.0	617681	4703.345527556989	-1.000000082240371e-09	0.29999999999999993
11681.21679181346	750	10.297077781516245	0.0	411561	2596.043333701462	-1.000000082240371e-09	0.3
11684.234064092885	1200	11.279805502090102	0.0	520315	3017.272279426143	-1.000000082240371e-09	0.75
11690.785638743651	1850	8.728230851324344	0.0	905515	6551.574650765758	-1.000000082240371e-09	1.2000000000000002
11694.49464192303	750	9.01922767194709	0.0	437162	3709.0031793772546	-1.000000082240371e-09	-0.3500000000000001
11697.560844871923	1200	9.953024723052264	0.0	584846	3066.2029488948265	-1.000000082240371e-09	0.75
11701.963326621733	1200	9.55054297324139	0.0	560821	4402.481749810873	-1.000000082240371e-09	1.2
11709.150334413307	1200	6.3635351816673404	0.0	607410	7187.00779157405	-1.000000082240371e-09	1.2
11711.068175204507	300	8.445694390465224	0.0	156148	1917.8407912021162	-1.000000082240371e-09	-0.6000000000000001
11715.468909673222	750	8.044959921751959	0.0	386351	4400.734468713265	-1.000000082240371e-09	0.3
11719.91821585808	750	7.595653736892539	0.0	434409	4449.306184859419	-1.000000082240371e-09	0.75
11723.239057678	750	8.274811916974496	0.0	337059	3320.8418199180423	-1.000000082240371e-09	0.75
11726.324363310814	750	9.189506284160405	0.0	366214	3085.3056328140915	-1.000000082240371e-09	0.75
11732.986845088988	1200	6.5270245059858105	0.0	617242	6662.481778174594	-1.000000082240371e-09	0.75
11736.437822695623	300	7.076046899350321	0.0	150616	3450.97760663549	-1.000000082240371e-09	-0.6000000000000001
11745.205413317837	750	4.0	1.6915437228626025	405596	8767.590622212923	-1.000000082240371e-09	-6.973638008309191
11746.954095867693	300	6.251317450142584	0.0	140881	1748.6825498574158	-1.000000082240371e-09	-0.15000000000000002
11748.976281656107	300	8.229131661729618	0.0	157671	2022.1857884129668	-1.000000082240371e-09	0.3
11754.467918744638	750	6.737494573197323	0.0	399894	5491.637088532295	-1.000000082240371e-09	0.3
11756.484184796525	300	8.721228521311286	0.0	163927	2016.2660518860368	-1.000000082240371e-09	-0.15000000000000002
11760.967249287884	750	8.238164029954099	0.0	343800	4483.064491357187	-1.000000082240371e-09	0.3
11764.012165369248	750	9.193247948588127	0.0	359903	3044.9160813659723	-1.000000082240371e-09	0.75
11771.197221344808	1200	6.008191973027397	0.0	590335	7185.055975560729	-1.000000082240371e-09	0.75
11773.83176430386	300	7.373649013975249	0.0	181901	2634.542959052149	-1.000000082240371e-09	-0.6000000000000001
11776.681873074685	750	8.5235402431505	0.0	277716	2850.1087708247496	-1.000000082240371e-09	0.3
11782.644611146694	750	6.560802171142397	0.0	400396	5962.738072008102	-1.000000082240371e-09	0.75
11785.531902234601	300	7.673511083234844	0.0	149029	2887.2910879075525	-1.000000082240371e-09	-0.15000000000000002
11789.69327383401	750	7.512139483827176	0.0	358218	4161.371599407668	-1.000000082240371e-09	0.3
11792.705288696508	750	8.500124621326405	0.0	400322	3012.014862500771	-1.000000082240371e-09	0.75
11795.199551398959	750	10.005861918876063	0.0	369834	2494.262702450343	-1.000000082240371e-09	0.75
11798.840123036709	1200	10.365290281125732	0.0	670129	3640.5716377503304	-1.000000082240371e-09	0.75
11802.855876510625	1200	10.349536807210443	0.0	690253	4015.7534739152898	-1.000000082240371e-09	1.2
11808.93441047195	1200	8.27100284588492	0.0	598727	6078.533961325522	-1.000000082240371e-09	1.2
11811.404249136238	750	9.801164181596446	0.0	321064	2469.838664288475	-1.000000082240371e-09	0.3
11814.260130992596	1200	10.945282325237876	0.0	575591	2855.881856358571	-1.000000082240371e-09	0.75
11820.460945272629	1200	8.744468045205297	0.0	605884	6200.8142800325795	-1.000000082240371e-09	1.2
11822.81872929006	750	10.386684027772887	0.0	390680	2357.7840174324106	-1.000000082240371e-09	0.3
11825.661176605936	1200	11.544236711897586	0.0	566904	2842.4473158753017	-1.000000082240371e-09	0.75
11831.10257361298	1850	10.102839704854494	0.0	1025005	5441.397007043091	-1.000000082240371e-09	1.2000000000000002
11834.023102967092	1200	11.182310350740197	0.0	599477	2920.5293541142955	-1.000000082240371e-09	0.5499999999999999
11840.170157294728	1850	9.035256023104258	0.0	973972	6147.0543276359385	-1.000000082240371e-09	1.2000000000000002
11843.072967973369	1200	10.132445344463529	0.0	630203	2902.81067864073	-1.000000082240371e-09	0.5499999999999999
11845.765815418405	1200	11.439597899425948	0.0	638661	2692.847445037581	-1.000000082240371e-09	1.2
11851.447177304577	1850	9.758236013254278	0.0	830730	5681.361886171669	-1.000000082240371e-09	1.2000000000000002
11856.324783219554	1200	8.880630098277056	0.0	550906	4877.605914977224	-1.000000082240371e-09	0.5499999999999999

