11866.86001179834	750	4.0	10.535228578788095	450283	10535.228578788096	-1.000000082240371e-09	-44.551482888788804
11868.250858746873	300	6.609153051467327	0.0	155580	1390.8469485326723	-1.000000082240371e-09	-0.15000000000000002
11869.93345068497	300	8.926561113369436	0.0	139857	1682.5919380978908	-1.000000082240371e-09	0.3
11874.948120908512	750	7.911890889828095	0.0	382355	5014.670223541341	-1.000000082240371e-09	0.3
11880.261419245733	750	6.598592552606106	0.0	411561	5313.29833722199	-1.000000082240371e-09	0.75
11881.80609830457	300	9.053913493767848	0.0	126289	1544.679058838257	-1.000000082240371e-09	-0.15000000000000002
11892.901006601465	1200	4.0	2.04099480312603	561791	11094.908296893878	-1.000000082240371e-09	-8.476277653441928
11897.301488901738	300	4.0	0.4004823002722915	173849	4400.4823002722915	-1.000000082240371e-09	-2.322073891170853
11901.671026757089	300	4.0	0.36953785535226413	150710	4369.537855352264	-1.000000082240371e-09	-1.2890127780147356
11904.219594937746	300	5.451431819343086	0.0	139105	2548.5681806569137	-1.000000082240371e-09	0.3
11906.628655826175	300	7.042370930915361	0.0	141840	2409.0608884277253	-1.000000082240371e-09	0.3
11913.983165038222	750	4.0	0.31213828113322145	405134	7354.509212048582	-1.000000082240371e-09	-1.0421946088728522
11916.586992040004	300	5.396172998217966	0.0	160746	2603.827001782034	-1.000000082240371e-09	-0.15000000000000002
11920.089824335118	300	5.893340703104484	0.0	179801	3502.8322951134815	-1.000000082240371e-09	0.3
11923.207667344232	300	6.775497693992802	0.0	140051	3117.8430091116816	-1.000000082240371e-09	0.3
11926.375251910187	300	7.607913128036624	0.0	138313	3167.5845659561787	-1.000000082240371e-09	0.3
11930.71699869206	750	7.266166346163366	0.0	360831	4341.746781873258	-1.000000082240371e-09	0.3
11934.395166285889	750	7.587998752333976	0.0	372963	3678.1675938293893	-1.000000082240371e-09	0.75
11940.193381222294	750	5.78978381592918	0.0	405596	5798.2149364047955	-1.000000082240371e-09	0.75
11943.255478920573	300	6.727686117650226	0.0	140881	3062.097698278954	-1.000000082240371e-09	-0.15000000000000002
11946.457209464123	300	7.525955574100673	0.0	157671	3201.7305435495523	-1.000000082240371e-09	0.3
11953.046371836312	750	4.936793201912423	0.0	399894	6589.16237218825	-1.000000082240371e-09	0.3
11955.379966363727	300	6.603198674496438	0.0	163927	2333.594527415986	-1.000000082240371e-09	-0.15000000000000002
11957.199805898557	300	8.7833591396677	0.0	137654	1819.839534828738	-1.000000082240371e-09	0.3
11961.156215088378	750	8.826949949846016	0.0	359903	3956.4091898216852	-1.000000082240371e-09	0.3
11965.61412331218	750	8.369041726046536	0.0	379700	4457.90822379948	-1.000000082240371e-09	0.75
11974.73011087376	750	4.0	0.7469458355331244	425781	9115.98756157966	-1.000000082240371e-09	-2.461867092792435
11977.48124290562	300	5.24886796813882	0.0	111155	2751.1320318611797	-1.000000082240371e-09	-0.15000000000000002
11981.435516175907	300	5.294594697851282	0.0	153605	3954.2732702875387	-1.000000082240371e-09	0.3
11985.194761068587	300	5.535349805169674	0.0	149029	3759.244892681608	-1.000000082240371e-09	0.3
11988.752308888847	300	5.9778019849110695	0.0	157421	3557.547820258604	-1.000000082240371e-09	0.3
11992.274804252098	300	6.455306621660778	0.0	157488	3522.4953632502916	-1.000000082240371e-09	0.3
11996.355379723123	300	6.3747311506343625	0.0	143881	4080.5754710264164	-1.000000082240371e-09	0.3
12002.041331775308	300	4.688779098451833	0.0	163444	5685.95205218253	-1.000000082240371e-09	0.3
12006.720856664082	300	4.009254209677267	0.0	179328	4679.524888774566	-1.000000082240371e-09	0.3
12009.947711806302	300	4.782399067457222	0.0	159914	3226.855142220045	-1.000000082240371e-09	0.3
12012.797356554685	300	5.932754319074493	0.0	131610	2849.6447483827283	-1.000000082240371e-09	0.3
12014.850692731114	300	7.879418142646045	0.0	124011	2053.336176428448	-1.000000082240371e-09	0.3
12022.461088984006	750	4.269021889755305	0.0	378327	7610.39625289074	-1.000000082240371e-09	0.3
12026.190834651446	300	4.5392762223152205	0.0	149991	3729.745667440084	-1.000000082240371e-09	-0.15000000000000002
12029.557576149795	300	5.172534723966718	0.0	147968	3366.7414983485023	-1.000000082240371e-09	0.3
12032.737857183407	300	5.992253690356263	0.0	161857	3180.281033610456	-1.000000082240371e-09	0.3
12035.036955736137	300	7.693155137623948	0.0	145210	2299.0985527323146	-1.000000082240371e-09	0.3
12041.631153314276	750	5.0989575594861964	0.0	438281	6594.197578137751	-1.000000082240371e-09	0.3
12043.501781276214	300	7.228329597547366	0.0	167025	1870.6279619388306	-1.000000082240371e-09	-0.15000000000000002
12047.84322735352	750	6.8868835202406915	0.0	393804	4341.446077306674	-1.000000082240371e-09	0.3
12049.704006771097	300	9.026104102664945	0.0	137507	1860.7794175757458	-1.000000082240371e-09	-0.15000000000000002
12059.965767767484	1200	4.0	1.2356568937212578	550906	10261.760996386203	-1.000000082240371e-09	-5.0133246430014085

