24605.895086981465	750	4.0	1.6438931885945212	450283	1643.8931885945212	0.012085049413144588	-6.31874071095644
24607.606011716667	750	6.289075264795886	0.0	398865	1710.924735204114	0.37893664836883545	0.75
24609.37285937498	750	8.52222760648134	0.0	350812	1766.847658314546	0.6861194968223572	0.75
24611.033480484642	750	10.86160649681881	0.0	382355	1660.6211096625318	0.6653892993927002	0.75
24614.193677377552	1200	11.7014096039076	0.0	652874	3160.196892911211	0.2641485035419464	0.75
24617.709368630683	1200	12.185718350774689	0.0	520315	3515.6912531329117	0.011083380319178104	1.2
24620.125951394522	1200	13.769135586938107	0.0	561791	2416.5827638365813	0.2668408155441284	1.2
24623.125297552666	1200	14.76978942878985	0.0	709534	2999.346158148258	0.00956826563924551	1.2
24625.668963448137	1200	16.22612353332183	0.0	584846	2543.66589546802	0.004705176223069429	1.2
24627.812035714152	1200	18.083051267304832	0.0	560821	2143.0722660169963	0.004705176223069429	1.2
24630.43265855473	1200	19.462428426724323	0.0	607410	2620.6228405805086	0.004705176223069429	1.2
24632.967334057575	1200	20.927752923878952	0.0	594078	2534.675502845374	0.004705176223069429	1.2
24636.0822317614	1200	21.812855220057546	0.0	624282	3114.897703821405	0.004705176223069429	1.2
24641.12561543066	1200	20.76947155079661	0.0	687371	5043.383669260935	0.004705176223069429	1.2
24644.32702331392	1200	21.568063667536748	0.0	526950	3201.4078832598616	0.01233929768204689	1.2
24648.193864917037	1200	21.701222064421657	0.0	587876	3866.841603115092	0.006385734770447016	1.2
24652.193977893447	1200	21.70110908801275	0.0	617242	4000.112976408908	0.010604923591017723	1.2
24656.153775285686	1200	21.741311695770637	0.0	581493	3959.7973922421106	0.008793182671070099	1.2
24661.803887466103	1200	20.09119951535429	0.0	639204	5650.112180416345	0.030763104557991028	1.2
24667.062847470916	1200	18.832239510540823	0.0	586839	5258.960004813466	0.6530600786209106	1.2
24670.90988379003	750	18.985203191428013	0.0	386472	3847.0363191128117	0.5481640100479126	0.3
24673.232854807335	750	20.66223217412277	0.0	399894	2322.9710173052417	0.004705176223069429	0.75
24675.421330436766	750	22.47375654469215	0.0	401853	2188.475629430621	0.08455721288919449	0.75
24676.843057338723	750	25.052029642736198	0.0	343800	1421.7269019559542	0.38165202736854553	0.75
24678.744195340263	1200	27.150891641193553	0.0	587236	1901.1380015426455	0.11556511372327805	0.75
24680.663120929392	1200	29.231966052067744	0.0	590335	1918.92558912581	0.004705176223069429	1.2
24684.584573147164	1200	29.310513834295	0.0	696376	3921.4522177727404	0.004739232826977968	1.2
24688.638884104574	1200	29.256202876885553	0.0	487160	4054.3109574094487	0.004705176223069429	1.2
24691.723231031	1200	30.171855950458	0.0	622896	3084.346926427552	0.006425925996154547	1.2
24694.97463297177	1200	30.920454009687603	0.0	641447	3251.401940770397	0.004705176223069429	1.2
24696.665634368575	1200	33.22945261288125	0.0	570392	1691.0013968063543	0.004705176223069429	1.2
24698.80921785471	1200	35.08586912674997	0.0	620283	2143.5834861312806	0.11850972473621368	1.2
24701.179513796364	1200	36.715573185097	0.0	584349	2370.2959416529693	0.557925283908844	1.2
24704.005287743876	1200	37.889799237585144	0.0	670129	2825.773947511852	0.5210247039794922	1.2
24706.68005589206	1200	39.21503108940179	0.0	690253	2674.7681481833606	0.5652223229408264	1.2
24712.15581207747	2850	37.73927490398918	0.0	1439896	5475.75618541261	0.5421261787414551	1.2000000000000002
24715.211780484646	2850	38.6833064968127	0.0	1139291	3055.968407176479	0.004705176223069429	2.85
24719.816378898486	2850	38.07870808297295	0.0	1499009	4604.598413839749	0.004705176223069429	2.85
24724.234372294155	2850	37.66071468730368	0.0	1427478	4417.99339566927	0.004875932354480028	2.85
24728.70440386056	2850	37.19068312089483	0.0	1402287	4470.031566408846	0.005613481625914574	2.85
24734.57470123603	2850	35.32038574542686	0.0	1339500	5870.297375467972	0.013201514258980751	2.85
24748.93628634131	2850	24.958800640143206	0.0	1527299	14361.585105283653	0.004705176223069429	2.85
24798.337914012536	2850	4.0	24.44282703108078	1343002	49401.627671223985	0.07029447704553604	-102.25415623364735
24804.51858787462	300	4.0	2.1806738620855324	172312	6180.673862085532	0.004705176223069429	-11.626897606967788
24811.414818119403	300	4.0	2.8962302447812927	167025	6896.230244781293	0.004705176223069429	-12.153790052559557
24817.784196776356	300	4.0	2.3693786569540425	160064	6369.3786569540425	0.004705176223069429	-9.88832822490238
24820.154812494307	300	5.62938428204973	0.0	137507	2370.6157179502698	0.004705176223069429	0.3
24821.439571140927	300	8.344625635430898	0.0	118421	1284.7586466188336	0.004705176223069429	0.3

