5752.022309716782	750	4.0	1.4342768133466879	450283	1434.276813346688	0.004705176223069429	-5.4173902973907575
5754.161152293358	1200	5.861157423423616	0.0	611087	2138.8425765763845	0.5613126754760742	0.75
5756.202231614467	1200	7.820078102314801	0.0	571051	2041.0793211088148	0.007800368592143059	1.2
5758.213853066006	1200	9.808456650775735	0.0	617681	2011.6214515390654	0.005137589294463396	1.2
5761.023930091906	1200	10.998379624876318	0.0	652874	2810.0770258994185	0.004705176223069429	1.2
5763.455238192262	1200	12.56707152451971	0.0	520315	2431.308100356608	0.004904225468635559	1.2
5766.189142607821	1200	13.833167108961096	0.0	561791	2733.9044155586143	0.004830854944884777	1.2
5769.759255796249	1200	14.263053920532778	0.0	709534	3570.1131884283172	0.007075334899127483	1.2
5774.057374833818	1200	13.964934882963098	0.0	584846	4298.1190375696815	0.005043015815317631	1.2
5778.570252553769	1200	13.452057163012189	0.0	560821	4512.87771995091	0.06443148106336594	1.2
5780.945252945176	1200	15.077056771605	0.0	607410	2375.0003914071895	0.42812129855155945	1.2
5783.398565759218	1200	16.6237439575626	0.0	594078	2453.312814042399	0.004890989046543837	1.2
5785.983611524229	1200	18.038698192551884	0.0	624282	2585.045765010714	0.004705176223069429	1.2
5789.754140092331	1200	18.268169624450213	0.0	687371	3770.528568101671	0.004705176223069429	1.2
5793.109271937354	1200	18.913037779427547	0.0	526950	3355.1318450226636	0.006399853620678186	1.2
5796.467363452921	1200	19.55494626386025	0.0	587876	3358.0915155672974	0.016801821067929268	1.2
5799.329287695333	1200	20.69302202144824	0.0	617242	2861.924242412011	0.012162352912127972	1.2
5802.353514058549	1200	21.668795658231296	0.0	581493	3024.22636321694	0.004705176223069429	1.2
5805.307619458497	1200	22.714690258282985	0.0	639204	2954.1053999483124	0.004705176223069429	1.2
5808.083963220594	1200	23.938346496186043	0.0	586839	2776.3437620969444	0.004705176223069429	1.2
5811.877165908257	1200	24.145143808524015	0.0	601738	3793.2026876620253	0.004705176223069429	1.2
5820.62985666482	1200	19.392453051960292	0.0	616206	8752.690756563723	0.005959547124803066	1.2
5825.757792014073	750	18.26451770270826	0.0	401853	5127.93534925203	0.0116288922727108	0.3
5829.88302754117	750	18.139282175610692	0.0	343800	4125.235527097566	0.013347535394132137	0.75
5832.836694957692	750	19.185614759088203	0.0	359903	2953.6674165224927	0.00548606226220727	0.75
5836.286692768845	750	19.735616947936016	0.0	379700	3449.997811152184	0.007933573797345161	0.75
5839.318368512698	750	20.703941204083485	0.0	425781	3031.675743852535	0.005257660057395697	0.75
5841.307195611534	750	22.71511410524766	0.0	277716	1988.8270988358254	0.011792791076004505	0.75
5843.10088018699	750	24.921429529791727	0.0	400396	1793.6845754559329	0.01399285439401865	0.75
5844.436823888364	750	27.585485828417447	0.0	400508	1335.9437013742781	0.6526240110397339	0.75
5846.061205006121	1200	29.961104710661132	0.0	570392	1624.3811177563155	0.006950827315449715	0.75
5848.252229436688	1200	31.77008028009384	0.0	620283	2191.024430567292	0.015500465407967567	1.2
5850.517471092415	1200	33.5048386243669	0.0	584349	2265.2416557269453	0.0589715838432312	1.2
5853.019430240824	1200	35.002879475958004	0.0	670129	2501.9591484088864	0.07429614663124084	1.2
5855.085875174702	1200	36.93643454207996	0.0	690253	2066.4449338780437	0.4202292859554291	1.2
5859.692591968727	2850	36.32971774805444	0.0	1439896	4606.716794025518	0.10324978828430176	1.2000000000000002
5865.8724371672315	2850	34.1498725495498	0.0	1139291	6179.8451985046395	0.004705176223069429	2.85
5872.480796403248	2850	31.54151331353345	0.0	1499009	6608.359236016349	0.004705176223069429	2.85
5880.282224122036	2850	27.740085594746358	0.0	1427478	7801.427718787092	0.004705176223069429	2.85
5887.608670116433	2850	24.413639600348517	0.0	1402287	7326.445994397841	0.004705176223069429	2.85
5892.488149015193	2850	23.534160701588224	0.0	1339500	4879.47889876029	0.004705176223069429	2.85
5899.173860059226	2850	20.848449657555364	0.0	1527299	6685.711044032863	0.004705176223069429	2.85
5905.128181904003	2850	18.8941278127781	0.0	1343002	5954.321844777265	0.004705176223069429	2.85
5915.827574946495	2850	12.194734770286068	0.0	1587250	10699.393042492029	0.004705176223069429	2.85
5921.002285137845	1200	11.020024578935459	0.0	630203	5174.710191350608	0.05973709374666214	-0.44999999999999996
5923.5488636222235	1200	12.473446094556508	0.0	638661	2546.5784843789506	0.06021800637245178	1.2
5925.6155321077085	1200	14.406777609071405	0.0	538612	2066.6684854851032	0.04350302740931511	1.2
5930.855165633412	2850	13.167144083368688	0.0	1364537	5239.633525702717	0.45389485359191895	1.2000000000000002

