21731.917887576226	750	4.0	1.4326655545084757	450283	1432.6655545084757	0.0792701318860054	-5.410461884386445
21734.08332523888	1200	5.834562337347541	0.0	611087	2165.4376626524595	0.5559567809104919	0.75
21736.405707827358	1200	7.512179748867241	0.0	571051	2322.3825884803	0.00864671915769577	1.2
21740.145490116767	1200	7.77239745945735	0.0	617681	3739.7822894098913	0.014716938138008118	1.2
21741.525087942216	750	10.392799634007659	0.0	411561	1379.5978254496915	0.5653480887413025	0.3
21743.269116204385	1200	12.648771371840493	0.0	520315	1744.0282621671672	0.09391050785779953	0.75
21745.016951910507	1200	14.900935665716604	0.0	561791	1747.8357061238873	0.004705176223069429	1.2
21747.327114114734	1200	16.59077346148664	0.0	709534	2310.162204229963	0.004705176223069429	1.2
21749.177378570577	1200	18.740509005642764	0.0	584846	1850.264455843878	0.004705176223069429	1.2
21751.06681293267	1200	20.851074643553456	0.0	560821	1889.4343620893071	0.004705176223069429	1.2
21753.29400529016	1200	22.623882286061008	0.0	607410	2227.1923574924476	0.004705176223069429	1.2
21755.18696392474	1200	24.730923651478136	0.0	594078	1892.9586345828739	0.004705176223069429	1.2
21758.37563681496	1200	25.542250761261105	0.0	624282	3188.672890217033	0.0071269432082772255	1.2
21761.735424955892	1200	26.18246262032611	0.0	687371	3359.7881409349925	0.004705176223069429	1.2
21763.836535497794	1200	28.08135207842345	0.0	526950	2101.110541902661	0.004705176223069429	1.2
21765.958839419232	1200	29.959048156988665	0.0	587876	2122.3039214347855	0.004705176223069429	1.2
21768.407253848007	1200	31.51063372821531	0.0	617242	2448.4144287733543	0.00651679327711463	1.2
21770.379591313675	1200	33.53829626254653	0.0	581493	1972.3374656687852	0.012763381004333496	1.2
21772.436760672346	1200	35.481126903876564	0.0	639204	2057.169358669962	0.028138842433691025	1.2
21774.430237568948	1200	37.487650007274254	0.0	586839	1993.4768966023112	0.2115461826324463	1.2
21776.56130401837	1200	39.35658355785319	0.0	601738	2131.0664494210623	0.4567205309867859	1.2
21778.559421950857	1200	41.358465625364396	0.0	616206	1998.117932488791	0.6360154151916504	1.2
21785.687472051188	2850	38.230415525034516	0.0	1505760	7128.050100329884	0.4839858412742615	1.2000000000000002
21789.88442689883	2850	38.03346067739317	0.0	1323990	4196.9548476413365	0.004705176223069429	2.85
21794.22796037233	2850	37.689927203893866	0.0	1383735	4343.5334734993085	0.004705176223069429	2.85
21799.183477750965	2850	36.73440982525844	0.0	1480464	4955.517378635431	0.004705176223069429	2.85
21806.34576348703	2850	33.57212408919223	0.0	1547572	7162.285736066208	0.004705176223069429	2.85
21810.613222561315	2850	33.30466501490879	0.0	1141971	4267.459074283429	0.004705176223069429	2.85
21815.918698434896	2850	31.999189141328156	0.0	1498470	5305.475873580641	0.004705176223069429	2.85
21821.096181762103	2850	30.82170581412278	0.0	1561263	5177.4833272053775	0.004705176223069429	2.85
21825.85520159007	2850	30.062685986153703	0.0	1341201	4759.019827969077	0.004705176223069429	2.85
21832.528072759615	2850	27.38981481661112	0.0	1497683	6672.871169542582	0.004705176223069429	2.85
21836.769106335112	2850	27.148781241114634	0.0	1358081	4241.033575496487	0.004705176223069429	2.85
21841.95529310275	2850	25.96259447347695	0.0	1587293	5186.186767637684	0.004705176223069429	2.85
21848.049310002432	2850	23.868577573793317	0.0	1492672	6094.016899683633	0.004705176223069429	2.85
21854.070481137427	2850	21.847406438795087	0.0	1439896	6021.1711349982315	0.004705176223069429	2.85
21858.342259793568	2850	21.575627782654855	0.0	1139291	4271.778656140232	0.004705176223069429	2.85
21863.143691883324	2850	20.77419569289912	0.0	1499009	4801.432089755734	0.004705176223069429	2.85
21867.95997312346	2850	19.957914452763948	0.0	1427478	4816.281240135172	0.004705176223069429	2.85
21874.690332984774	2850	17.227554591448925	0.0	1402287	6730.359861315019	0.004705176223069429	2.85
21878.929801120423	2850	16.988086455802513	0.0	1339500	4239.468135646412	0.004705176223069429	2.85
21883.735841988222	2850	16.182045588002893	0.0	1527299	4806.04086779962	0.004705176223069429	2.85
21888.24955763886	2850	15.668329937364087	0.0	1343002	4513.7156506388055	0.004705176223069429	2.85
21895.62921454804	2850	12.288673028186416	0.0	1587250	7379.656909177671	0.004705176223069429	2.85
21901.128971663904	2850	10.788915912324345	0.0	1464921	5499.757115862073	0.006671368144452572	2.85
21906.044624280803	2850	9.873263295426444	0.0	1483527	4915.6526168979	0.005149992182850838	2.85
21910.214698336495	2850	9.703189239735105	0.0	1231456	4170.074055691341	0.004705176223069429	2.85
21915.176473037034	2850	8.741414539193501	0.0	1364537	4961.774700541601	0.004705176223069429	2.85

