5031.631412963118	750	4.0	2.752351768226307	450283	2752.351768226307	0.008892066776752472	-11.085112603373119
5032.651312741812	300	6.980100221306277	0.0	155580	1019.8997786937232	0.24514161050319672	-0.15000000000000002
5033.773271804898	300	9.858141158220798	0.0	139857	1121.959063085479	0.00634239986538887	0.3
5035.004215351898	300	12.627197611221074	0.0	155432	1230.943546999725	0.020493444055318832	0.3
5036.216344295848	300	15.415068667271026	0.0	163442	1212.1289439500486	0.39700040221214294	0.3
5037.5823163975365	750	18.049096565582257	0.0	318564	1365.9721016887647	0.522338330745697	0.3
5040.115081694696	1200	19.51633126842385	0.0	561791	2532.7652971584066	0.253063440322876	0.75
5049.096212722411	1200	14.535200240707612	0.0	709534	8981.13102771624	0.004705176223069429	1.2
5051.251835165176	300	16.37957779794264	0.0	150710	2155.6224427649695	0.5119231939315796	-0.6000000000000001
5052.663550102679	300	18.967862860439823	0.0	139105	1411.71493750282	0.00987058412283659	0.3
5053.8306101756825	300	21.80080278743697	0.0	141840	1167.0600730028493	0.6361357569694519	0.3
5056.696667409595	750	22.934745553524337	0.0	405134	2866.057233912639	0.06513000279664993	0.3
5061.656388224565	750	21.975024738554747	0.0	386351	4959.720814969585	0.20059126615524292	0.75
5067.954909238553	750	19.676503724566096	0.0	434409	6298.521013988651	0.005901102442294359	0.75
5070.553107836041	750	21.07830512707865	0.0	337059	2598.1985974874483	0.1809413582086563	0.75
5071.822534501969	750	23.808878461150233	0.0	366214	1269.4266659284156	0.004705176223069429	0.75
5074.529120764645	1200	25.102292198474554	0.0	617242	2706.5862626756802	0.45843082666397095	0.75
5079.694590763422	1200	23.936822199697367	0.0	581493	5165.469998777188	0.004705176223069429	1.2
5084.045910357983	1200	23.585502605136657	0.0	639204	4351.3195945607085	0.38159671425819397	1.2
5088.946758855895	1200	22.684654107225633	0.0	586839	4900.848497911025	0.45742860436439514	1.2
5097.572085627653	1200	18.059327335466882	0.0	601738	8625.326771758751	0.6898584365844727	1.2
5100.663189918091	750	18.968223045027898	0.0	399894	3091.104290438984	0.005230952054262161	0.3
5103.751335370347	750	19.880077592772324	0.0	401853	3088.145452255578	0.00853088591247797	0.75
5108.9732864954785	750	18.658126467640752	0.0	343800	5221.95112513157	0.023282814770936966	0.75
5113.100423420702	750	18.530989542417334	0.0	359903	4127.136925223418	0.014801446348428726	0.75
5118.740256777161	750	16.891156185957268	0.0	379700	5639.833356460066	0.025963028892874718	0.75
5121.074441175259	300	18.55697178785978	0.0	181901	2334.1843980974877	0.6821807622909546	-0.15000000000000002
5121.982341393602	300	21.649071569516916	0.0	111155	907.9002183428626	0.12835003435611725	0.3
5126.608164855558	750	21.023248107560953	0.0	400396	4625.823461955961	0.3490334153175354	0.3
5129.210950274679	750	22.420462688440953	0.0	400508	2602.785419120002	0.004705176223069429	0.75
5131.861171349594	750	23.770241613525993	0.0	358218	2650.2210749149604	0.013507522642612457	0.75
5134.742503720451	750	24.88890924266845	0.0	400322	2881.332370857539	0.0064474777318537235	0.75
5136.966431490991	750	26.664981472128378	0.0	369834	2223.927770540074	0.0363309271633625	0.75
5140.658066255155	750	26.973346707964563	0.0	412837	3691.634764163813	0.35332536697387695	0.75
5144.019948517237	750	27.61146444588282	0.0	401088	3361.8822620817436	0.04147086665034294	0.75
5146.9707118221995	750	28.660701140919592	0.0	365161	2950.7633049632277	0.21427883207798004	0.75
5149.344429724439	750	30.28698323868037	0.0	321064	2373.71790223922	0.5638017654418945	0.75
5154.1088577205655	1200	29.522555242553302	0.0	575591	4764.42799612707	0.3371184766292572	0.75
5159.804512415526	1200	27.8269005475932	0.0	605884	5695.654694960101	0.005415692925453186	1.2
5164.7538218190375	1200	26.87759114408251	0.0	587506	4949.309403510693	0.016760101541876793	1.2
5169.070688068047	1200	26.560724895072845	0.0	566904	4316.86624900966	0.0072568440809845924	1.2
5173.013732284114	1200	26.617680679005925	0.0	641452	3943.044216066924	0.004759080242365599	1.2
5179.619250584656	1200	24.01216237846395	0.0	599477	6605.518300541971	0.005500383209437132	1.2
5185.235107587711	1200	22.396305375408232	0.0	634861	5615.857003055721	0.011120195500552654	1.2
5191.466034943469	1200	20.16537801965065	0.0	630203	6230.927355757582	0.006673892494291067	1.2
5197.490186286035	1200	18.141226677084674	0.0	638661	6024.151342565975	0.018997816368937492	1.2
5207.553496296169	1200	12.077916666950347	0.0	538612	10063.310010134324	0.016508260741829872	1.2
5209.562789383022	750	14.068623580097608	0.0	314107	2009.2930868527405	0.01648915745317936	0.3

