13006.718988939843	750	4.0	3.5388403668140223	450283	3538.840366814022	-1.000000082240371e-09	-14.467013577300294
13008.171388009994	300	6.5476009298498035	0.0	155580	1452.399070150196	-1.000000082240371e-09	-0.15000000000000002
13009.509892091884	300	9.209096847957815	0.0	139857	1338.5040818919888	-1.000000082240371e-09	0.3
13015.568958908932	1200	7.150030030911597	0.0	617681	6059.066817046218	-1.000000082240371e-09	0.29999999999999993
13020.04178658976	750	6.6772023500836655	0.0	411561	4472.8276808279315	-1.000000082240371e-09	0.3
13021.254705240392	300	9.46428369945259	0.0	126289	1212.9186506310768	-1.000000082240371e-09	-0.15000000000000002
13027.08438376769	1200	7.634605172154861	0.0	561791	5829.678527297729	-1.000000082240371e-09	0.29999999999999993
13031.17998921462	750	7.538999725223708	0.0	437162	4095.6054469311525	-1.000000082240371e-09	0.3
13033.972731017095	750	8.746257922748919	0.0	374758	2792.741802474789	-1.000000082240371e-09	0.75
13036.771186585787	750	9.947802354055737	0.0	362795	2798.4555686931812	-1.000000082240371e-09	0.75
13042.299465737215	1200	8.419523202629998	0.0	607410	5528.279151425739	-1.000000082240371e-09	0.75
13046.42789948315	750	8.291089456694179	0.0	405134	4128.433745935819	-1.000000082240371e-09	0.3
13050.234374870792	750	8.484614069051476	0.0	386351	3806.4753876427026	-1.000000082240371e-09	0.75
13053.3626837175	750	9.356305222344009	0.0	434409	3128.308846707468	-1.000000082240371e-09	0.75
13056.602697052991	1200	10.116291886853286	0.0	526950	3240.0133354907202	-1.000000082240371e-09	0.75
13060.134025213547	1200	10.58496372629816	0.0	587876	3531.3281605551265	-1.000000082240371e-09	1.2
13063.70821613759	1200	11.010772802255687	0.0	617242	3574.190924042472	-1.000000082240371e-09	1.2
13070.002318249326	1850	8.716670690519706	0.0	885714	6294.102111735982	-1.000000082240371e-09	1.2000000000000002
13072.079032584687	750	10.639956355160853	0.0	405596	2076.7143353588526	-1.000000082240371e-09	-0.3500000000000001
13075.431161135271	1200	11.287827804576274	0.0	586839	3352.128550584578	-1.000000082240371e-09	0.75
13083.923552390155	1850	6.7954365496926235	0.0	891604	8492.39125488365	-1.000000082240371e-09	1.2000000000000002
13085.566381820348	300	9.15260711949848	0.0	157812	1642.829430194145	-1.000000082240371e-09	-1.25
13094.564367051562	1200	4.154621888285332	0.0	656471	8997.985231213148	-1.000000082240371e-09	0.29999999999999993
13096.93503918808	300	5.7839497517681675	0.0	137654	2370.6721365171643	-1.000000082240371e-09	-0.6000000000000001
13098.713409382064	300	8.005579557783435	0.0	146754	1778.3701939847333	-1.000000082240371e-09	0.3
13103.862904518188	750	6.856084421660992	0.0	379700	5149.495136122442	-1.000000082240371e-09	0.3
13106.412961387887	300	8.306027551961343	0.0	181901	2550.0568696996493	-1.000000082240371e-09	-0.15000000000000002
13110.264102358116	750	8.454886581732987	0.0	277716	3851.140970228354	-1.000000082240371e-09	0.3
13115.511301454171	750	7.207687485677755	0.0	400396	5247.199096055233	-1.000000082240371e-09	0.75
13119.718595316943	750	7.000393622907099	0.0	400508	4207.293862770656	-1.000000082240371e-09	0.75
13125.27726301443	750	5.441725925420348	0.0	358218	5558.6676974867505	-1.000000082240371e-09	0.75
13127.687629594795	300	7.031359345054663	0.0	157488	2410.366580365685	-1.000000082240371e-09	-0.15000000000000002
13133.218186990669	750	5.500801949181133	0.0	369834	5530.55739587353	-1.000000082240371e-09	0.3
13134.610747859348	300	8.108241080502337	0.0	163444	1392.5608686787955	-1.000000082240371e-09	-0.15000000000000002
13137.698408569466	750	9.020580370383334	0.0	401088	3087.660710119004	-1.000000082240371e-09	0.3
13141.673043482513	1200	9.04594545733731	0.0	598727	3974.6349130460226	-1.000000082240371e-09	0.75
13145.05977467998	1200	9.65921425986995	0.0	487812	3386.7311974673617	-1.000000082240371e-09	1.2
13148.940262897331	1200	9.778726042518585	0.0	575591	3880.488217351365	-1.000000082240371e-09	1.2
13153.083003486738	1200	9.635985453112076	0.0	605884	4142.740589406509	-1.000000082240371e-09	1.2
13158.755630255735	1200	7.9633586841158985	0.0	587506	5672.626768996178	-1.000000082240371e-09	1.2
13161.094386273397	750	9.624602666452773	0.0	345516	2338.756017663126	-1.000000082240371e-09	0.3
13166.216242551878	1200	8.5027463879713	0.0	641452	5121.856278481474	-1.000000082240371e-09	0.75
13168.798152220712	750	9.920836719137613	0.0	372093	2581.9096688336863	-1.000000082240371e-09	0.3
13172.479678843703	1200	10.239310096146243	0.0	634861	3681.526622991371	-1.000000082240371e-09	0.75
13175.656875386356	1200	11.062113553494067	0.0	630203	3177.196542652176	-1.000000082240371e-09	1.2
13181.837195918695	1850	8.881793021152578	0.0	982064	6180.320532341487	-1.000000082240371e-09	1.2000000000000002
13184.087689214984	750	10.63129972486414	0.0	331053	2250.4932962884377	-1.000000082240371e-09	-0.3500000000000001
13188.295833755366	1200	10.42315518448195	0.0	550906	4208.144540382191	-1.000000082240371e-09	0.75

