19002.474064683687	750	4.0	1.6132241480558394	450283	1613.2241480558394	-1.000000082240371e-09	-6.186863836640109
19003.094221752115	300	7.379842931572882	0.0	155580	620.1570684271185	-1.000000082240371e-09	-0.15000000000000002
19004.58846984537	750	9.885594838317614	0.0	350812	1494.2480932552664	-1.000000082240371e-09	0.3
19007.37457485214	1200	11.099489831547082	0.0	617681	2786.1050067705337	-1.000000082240371e-09	0.75
19011.77577193983	1850	10.6982927438563	0.0	996749	4401.197087690782	-1.000000082240371e-09	1.2000000000000002
19013.97891612016	1200	12.495148563525683	0.0	520315	2203.144180330616	-1.000000082240371e-09	0.5499999999999999
19016.75843177736	1850	13.715632906322899	0.0	905515	2779.515657202784	-1.000000082240371e-09	1.2000000000000002
19021.899596627176	2850	12.574468056507827	0.0	1638769	5141.164849815071	-1.000000082240371e-09	1.85
19025.744476116903	1850	12.72958856677998	0.0	852833	3844.8794897278467	-1.000000082240371e-09	0.8500000000000001
19029.84706462471	1850	12.627000058972392	0.0	913888	4102.58850780759	-1.000000082240371e-09	1.85
19035.98945890345	1850	10.484605780236361	0.0	939819	6142.39427873603	-1.000000082240371e-09	1.85
19040.35697162309	1200	10.117093060592808	0.0	594078	4367.512719643552	-1.000000082240371e-09	0.5499999999999999
19045.248344869346	1200	9.225719814336808	0.0	624282	4891.373246256001	-1.000000082240371e-09	1.2
19051.714877459184	1200	6.759187224498506	0.0	687371	6466.532589838302	-1.000000082240371e-09	1.2
19052.99891366415	300	9.475151019535616	0.0	140051	1284.0362049628895	-1.000000082240371e-09	-0.6000000000000001
19057.326699253408	1200	9.1473654302748	0.0	587876	4327.785589260817	-1.000000082240371e-09	0.29999999999999993
19060.839667271528	1200	9.634397412154073	0.0	617242	3512.9680181207277	-1.000000082240371e-09	1.2
19063.881416252054	1200	10.592648431628016	0.0	581493	3041.748980526057	-1.000000082240371e-09	1.2
19066.993034115614	1200	11.481030568070965	0.0	639204	3111.6178635570504	-1.000000082240371e-09	1.2
19077.275217200564	1850	5.198847483122702	0.0	923755	10282.183084948263	-1.000000082240371e-09	1.2000000000000002
19079.00881725803	300	7.465247425653868	0.0	157671	1733.6000574688328	-1.000000082240371e-09	-1.25
19082.38873402606	750	8.085330657623361	0.0	399894	3379.9167680305077	-1.000000082240371e-09	0.3
19085.175312268864	750	9.298752414817514	0.0	401853	2786.578242805846	-1.000000082240371e-09	0.75
19089.114584541378	1200	9.35948014230615	0.0	536667	3939.2722725113636	-1.000000082240371e-09	0.75
19092.027838795864	1200	10.446225887820205	0.0	587236	2913.254254485946	-1.000000082240371e-09	1.2
19093.982841472574	1200	12.491223211110404	0.0	590335	1955.0026767098009	-1.000000082240371e-09	1.2
19097.75615866064	1850	12.717906023045405	0.0	1076599	3773.317188064999	-1.000000082240371e-09	1.2000000000000002
19100.352713780834	1850	14.121350902848055	0.0	758197	2596.5551201973494	-1.000000082240371e-09	1.85
19104.39268237272	2850	14.081382310966127	0.0	1498470	4039.968591881926	-1.000000082240371e-09	1.85
19108.355405028575	2850	14.118659655109438	0.0	1561263	3962.7226558566904	-1.000000082240371e-09	2.85
19112.847927327315	2850	13.62613735636573	0.0	1341201	4492.522298743709	-1.000000082240371e-09	2.85
19119.33806663377	2850	11.135998049913072	0.0	1497683	6490.139306452657	-1.000000082240371e-09	2.85
19126.679447838887	1850	7.794616844794068	0.0	885062	7341.381205119004	-1.000000082240371e-09	0.8500000000000001
19129.211762728813	750	9.262301954867697	0.0	412837	2532.314889926371	-1.000000082240371e-09	-0.3500000000000001
19133.248806476877	1200	9.225258206804588	0.0	690253	4037.043748063108	-1.000000082240371e-09	0.75
19135.630867250668	1200	10.843197433013426	0.0	598727	2382.0607737911637	-1.000000082240371e-09	1.2
19138.34485436485	1200	12.129210318829985	0.0	487812	2713.98711418344	-1.000000082240371e-09	1.2
19142.239412408326	1850	12.234652275354804	0.0	938587	3894.5580434751782	-1.000000082240371e-09	1.2000000000000002
19146.428552996524	1850	12.045511687155217	0.0	908665	4189.140588199587	-1.000000082240371e-09	1.85
19150.277570277944	1850	12.196494405735098	0.0	930577	3849.0172814201205	-1.000000082240371e-09	1.85
19153.80233173894	1850	12.671732944738174	0.0	858450	3524.7614609969232	-1.000000082240371e-09	1.85
19157.895129979064	1850	12.578934704616413	0.0	1025005	4092.798240121761	-1.000000082240371e-09	1.85
19161.332586223907	1850	13.14147845977165	0.0	886255	3437.456244844763	-1.000000082240371e-09	1.85
19166.9300590623	2850	11.54400562137985	0.0	1587250	5597.472838391802	-1.000000082240371e-09	1.85
19170.36728636934	1850	12.106778314339822	0.0	958994	3437.227307040025	-1.000000082240371e-09	0.8500000000000001
19173.378116456235	1850	13.095948227441458	0.0	982064	3010.830086898366	-1.000000082240371e-09	1.85
19177.100147324327	2850	13.373917359349058	0.0	1231456	3722.0308680923986	-1.000000082240371e-09	1.85
19180.9177502553	2850	13.556314428377057	0.0	1364537	3817.602930972002	-1.000000082240371e-09	2.85

