23711.356322534746	750	4.0	3.7572090788844412	450283	3757.209078884441	0.6405757665634155	-15.405999039203095
23712.587057148674	300	6.76926538607515	0.0	155580	1230.7346139248493	0.005210871808230877	-0.15000000000000002
23713.652372176668	300	9.703950358079696	0.0	139857	1065.3150279954539	0.004705176223069429	0.3
23714.93410213799	300	12.422220396759094	0.0	155432	1281.729961320603	0.0066159856505692005	0.3
23716.519142876332	300	14.837179658417623	0.0	163442	1585.0407383414722	0.1334380805492401	0.3
23718.35399733808	300	17.002325196669013	0.0	126289	1834.854461748612	0.5308258533477783	0.3
23720.925701142954	300	18.430621391792354	0.0	153295	2571.70380487666	0.2429615706205368	0.3
23723.704626289113	300	19.65169624563326	0.0	173849	2778.9251461590893	0.16170339286327362	0.3
23725.504270545127	300	21.852051989617394	0.0	150710	1799.6442560158698	0.3354308009147644	0.3
23728.06322608311	750	23.293096451633666	0.0	362795	2558.955537983728	0.44864290952682495	0.3
23730.995724280416	750	24.36059825432848	0.0	353220	2932.4981973051845	0.012417023070156574	0.75
23736.87342003957	750	22.482902495172105	0.0	405134	5877.695759156378	0.008300971239805222	0.75
23740.161039066286	750	23.195283468457863	0.0	386351	3287.619026714239	0.007665511220693588	0.75
23744.325335694764	750	23.030986839979764	0.0	434409	4164.2966284781	0.004705176223069429	0.75
23752.331441812537	750	19.024880722204298	0.0	337059	8006.106117775466	0.004705176223069429	0.75
23755.181557450134	300	20.174765084606832	0.0	138313	2850.115637597464	0.31348109245300293	-0.15000000000000002
23759.57271464839	300	19.78360788634889	0.0	143509	4391.15719825794	0.0548541285097599	0.3
23763.905735584092	300	19.450586950650425	0.0	150616	4333.020935698468	0.00788913108408451	0.3
23767.79872030654	300	19.55760222820235	0.0	165384	3892.9847224480786	0.0063958619721233845	0.3
23770.73002374923	300	20.626298785506872	0.0	140881	2931.3034426954746	0.005652060732245445	0.3
23775.398200179377	300	19.95812235536269	0.0	157671	4668.176430144182	0.025708859786391258	0.3
23780.879290476623	300	18.47703205811541	0.0	157812	5481.090297247282	0.004826715681701899	0.3
23786.75415132562	300	16.60217120912251	0.0	163927	5874.8608489929	0.004705176223069429	0.3
23791.3327774164	300	16.02354511833862	0.0	137654	4578.626090783888	0.004705176223069429	0.3
23795.162227764646	300	16.19409477009069	0.0	146754	3829.4503482479304	0.004705176223069429	0.3
23798.282902536313	300	17.073419998422978	0.0	153938	3120.6747716677146	0.004705176223069429	0.3
23802.07816172795	300	17.27816080678693	0.0	181901	3795.259191636051	0.004705176223069429	0.3
23803.498857260078	300	19.857465274658928	0.0	111155	1420.6955321280013	0.004705176223069429	0.3
23805.478221868318	300	21.878100666419158	0.0	153605	1979.3646082397681	0.03479170799255371	0.3
23807.922594709715	300	23.433727825022988	0.0	149029	2444.3728413961744	0.2969896197319031	0.3
23815.60722461521	750	19.74909791952351	0.0	358218	7684.629905499474	0.6634060144424438	0.3
23820.034317373294	300	19.322005161442487	0.0	157488	4427.092758081022	0.40965384244918823	-0.15000000000000002
23824.68844947743	300	18.66787305730484	0.0	143881	4654.132104137649	0.006278542801737785	0.3
23829.71000631723	300	17.64631621750786	0.0	163444	5021.556839796981	0.005322558805346489	0.3
23836.656148904356	300	14.700173630380316	0.0	179328	6946.142587127541	0.004705176223069429	0.3
23840.42969190888	300	14.926630625856822	0.0	159914	3773.543004523494	0.004705176223069429	0.3
23844.58192327399	300	14.774399260749195	0.0	131610	4152.231365107627	0.004705176223069429	0.3
23848.996370155586	300	14.359952379151192	0.0	124011	4414.446881598002	0.004705176223069429	0.3
23854.196376551885	300	13.159945982855035	0.0	144254	5200.006396296157	0.004705176223069429	0.3
23858.86400635735	300	12.49231617739177	0.0	149991	4667.629805463266	0.004705176223069429	0.3
23862.200958207457	300	13.155364327283873	0.0	147968	3336.951850107896	0.004705176223069429	0.3
23864.290875210532	300	15.065447324210146	0.0	161857	2089.9170030737278	0.004705176223069429	0.3
23865.743115842986	300	17.61320669175576	0.0	145210	1452.240632454383	0.14717444777488708	0.3
23869.26466348731	750	18.091659047433055	0.0	438281	3521.547644322706	0.03501085937023163	0.3
23872.07123899725	750	19.28508353748834	0.0	398987	2806.575509944717	0.02756745181977749	0.75
23874.665629920357	750	20.69069261438382	0.0	393804	2594.3909231045177	0.6174247860908508	0.75
23878.059173394584	1200	21.297149140156957	0.0	538612	3393.5434742268617	0.14274835586547852	0.75
23881.927490991053	1200	21.428831543686126	0.0	550906	3868.3175964708316	0.009917598217725754	1.2

