13193.133977763133	750	4.0	4.838144007766586	450283	4838.144007766587	-1.000000082240371e-09	-20.05401923339632
13194.72481708934	300	6.409160673793575	0.0	155580	1590.8393262064255	-1.000000082240371e-09	-0.15000000000000002
13195.928171347836	300	9.205806415296815	0.0	139857	1203.3542584967608	-1.000000082240371e-09	0.3
13200.81708447723	1200	8.316893285902855	0.0	617681	4888.913129393959	-1.000000082240371e-09	0.29999999999999993
13203.87489247524	750	9.2590852878945	0.0	411561	3057.807998008355	-1.000000082240371e-09	0.3
13208.286585096848	1200	8.847392666285348	0.0	520315	4411.692621609152	-1.000000082240371e-09	0.75
13210.732560309534	750	10.40141745359935	0.0	352642	2445.975212685999	-1.000000082240371e-09	0.3
13216.047041866193	1200	9.086935896940897	0.0	709534	5314.481556658454	-1.000000082240371e-09	0.75
13220.138813050346	1200	8.99516471278786	0.0	584846	4091.771184153037	-1.000000082240371e-09	1.2
13221.977664973398	750	11.156312789737505	0.0	362795	1838.8519230503557	-1.000000082240371e-09	0.3
13226.440965760648	1850	10.693012002485355	0.0	939819	4463.30078725215	-1.000000082240371e-09	0.75
13228.975386301307	1200	12.158591461827106	0.0	594078	2534.4205406582487	-1.000000082240371e-09	0.5499999999999999
13232.902801230995	1850	12.23117653213912	0.0	946851	3927.414929687986	-1.000000082240371e-09	1.2000000000000002
13237.670566440105	1850	11.463411323027797	0.0	1036454	4767.765209111321	-1.000000082240371e-09	1.85
13241.426992821449	1850	11.706984941683798	0.0	821631	3756.426381343999	-1.000000082240371e-09	1.85
13244.662345483624	1850	12.471632279508253	0.0	923170	3235.3526621755454	-1.000000082240371e-09	1.85
13248.21044168597	1850	12.923536077164606	0.0	966699	3548.096202343646	-1.000000082240371e-09	1.85
13252.283397954829	1850	12.850579808305282	0.0	885714	4072.9562688593255	-1.000000082240371e-09	1.85
13261.431928810809	1850	7.702048952326088	0.0	987708	9148.530855979194	-1.000000082240371e-09	1.85
13262.998811803873	750	10.135165959261823	0.0	350713	1566.8829930642637	-1.000000082240371e-09	-0.3500000000000001
13266.90295113664	1200	10.231026626494032	0.0	601738	3904.1393327677924	-1.000000082240371e-09	0.75
13272.070961171057	1200	9.06301659207907	0.0	616206	5168.010034414961	-1.000000082240371e-09	1.2
13276.35718861772	1200	8.776789145417311	0.0	656471	4286.227446661759	-1.000000082240371e-09	1.2
13278.200808340487	750	10.933169422647799	0.0	343800	1843.6197227695125	-1.000000082240371e-09	0.3
13281.34921463759	1200	11.784763125544623	0.0	587236	3148.406297103176	-1.000000082240371e-09	0.75
13287.138333878478	1850	9.99564388465655	0.0	905935	5789.119240888072	-1.000000082240371e-09	1.2000000000000002
13293.052229178014	1200	8.081748585118829	0.0	696376	5913.895299537721	-1.000000082240371e-09	0.5499999999999999
13293.726393916115	750	11.407583847019307	0.0	277716	674.1647380995231	-1.000000082240371e-09	0.3
13295.761224705957	1850	13.372753057176793	0.0	972798	2034.8307898425137	-1.000000082240371e-09	0.75
13299.025444861543	2850	14.108532901591627	0.0	1561263	3264.2201555851657	-1.000000082240371e-09	1.85
13301.542780398697	2850	15.591197364436722	0.0	1341201	2517.3355371549037	-1.000000082240371e-09	2.85
13305.632242461978	4300	15.501735301156586	0.0	2147852	4089.4620632801366	-1.000000082240371e-09	2.8499999999999996
13311.529893729732	4300	13.604084033402774	0.0	2191074	5897.651267753812	-1.000000082240371e-09	4.3
13314.55843280416	2850	14.575544958974932	0.0	1587293	3028.5390744278425	-1.000000082240371e-09	1.4000000000000001
13317.468634825202	2850	15.665342937933877	0.0	1492672	2910.202021041054	-1.000000082240371e-09	2.85
13323.467913297593	4300	13.666064465543261	0.0	2143948	5999.278472390617	-1.000000082240371e-09	2.8499999999999996
13328.52938356692	2850	12.604594196215078	0.0	1139291	5061.4702693281815	-1.000000082240371e-09	1.4000000000000001
13332.57860155251	1850	12.555376210624473	0.0	938587	4049.2179855906047	-1.000000082240371e-09	0.8500000000000001
13336.61157547892	1850	12.522402284215291	0.0	908665	4032.9739264091813	-1.000000082240371e-09	1.85
13340.638571323076	1850	12.495406440060092	0.0	930577	4026.995844155199	-1.000000082240371e-09	1.85
13345.16845839123	1850	11.965519371906034	0.0	858450	4529.887068154059	-1.000000082240371e-09	1.85
13350.594997206708	1850	10.538980556428138	0.0	1025005	5426.538815477897	-1.000000082240371e-09	1.85
13353.355451440691	1200	11.778526322445522	0.0	599477	2760.454233982614	-1.000000082240371e-09	0.5499999999999999
13357.701237844796	1850	11.432739918340765	0.0	973972	4345.786404104757	-1.000000082240371e-09	1.2000000000000002
13362.860866708	1850	10.273111055135812	0.0	958994	5159.628863204953	-1.000000082240371e-09	1.85
13366.801532770744	1200	10.332444992392988	0.0	638661	3940.666062742824	-1.000000082240371e-09	0.5499999999999999
13369.28457769081	1200	11.849400072326702	0.0	538612	2483.044920066285	-1.000000082240371e-09	1.2
13373.742425109693	1850	11.391552653445231	0.0	846370	4457.847418881471	-1.000000082240371e-09	1.2000000000000002

