8686.78960966639	750	4.0	2.7039540741785544	450283	2703.9540741785545	-1.000000082240371e-09	-10.877002518967783
8687.649836543005	300	7.139773123385195	0.0	155580	860.2268766148045	-1.000000082240371e-09	-0.15000000000000002
8689.375379377292	750	9.414230289098276	0.0	350812	1725.54283428692	-1.000000082240371e-09	0.3
8692.10221569558	1200	10.6873939708107	0.0	617681	2726.8363182875773	-1.000000082240371e-09	0.75
8696.824940745691	1200	9.964668920700369	0.0	652874	4722.725050110331	-1.000000082240371e-09	1.2
8700.703740430738	1200	10.085869235653531	0.0	520315	3878.799685046839	-1.000000082240371e-09	1.2
8707.335343450444	1200	7.454266215946169	0.0	561791	6631.603019707361	-1.000000082240371e-09	1.2
8710.154088921618	750	8.635520744772645	0.0	437162	2818.745471173524	-1.000000082240371e-09	0.3
8712.53475308503	750	10.254856581360066	0.0	374758	2380.66416341258	-1.000000082240371e-09	0.75
8715.808166931316	1200	10.98144273507427	0.0	560821	3273.4138462857964	-1.000000082240371e-09	0.75
8718.994589594702	1200	11.795020071689468	0.0	607410	3186.4226633848034	-1.000000082240371e-09	1.2
8723.135143247964	1850	11.65446641842625	0.0	917428	4140.553653263218	-1.000000082240371e-09	1.2000000000000002
8727.98386491068	1850	10.805744755709318	0.0	946851	4848.721662716932	-1.000000082240371e-09	1.85
8734.089615051154	1200	8.69999461523637	0.0	687371	6105.750140472949	-1.000000082240371e-09	0.5499999999999999
8736.783283725068	750	10.006325941322348	0.0	337059	2693.668673914022	-1.000000082240371e-09	0.3
8740.649644303208	1200	10.139965363182172	0.0	587876	3866.360578140175	-1.000000082240371e-09	0.75
8743.782821992889	1200	11.006787673500519	0.0	617242	3133.1776896816546	-1.000000082240371e-09	1.2
8755.724501429739	1850	4.0	0.9348917633483707	885714	11941.67943684889	-1.000000082240371e-09	-2.8200345823979935
8757.535420751346	300	6.189080678391594	0.0	165384	1810.9193216084059	-1.000000082240371e-09	-1.25
8758.510782827838	300	9.213718601899613	0.0	140881	975.3620764919815	-1.000000082240371e-09	0.3
8764.759291601698	1200	6.965209828038057	0.0	601738	6248.508773861555	-1.000000082240371e-09	0.29999999999999993
8765.801778806173	300	9.9227226235628	0.0	157812	1042.4872044752565	-1.000000082240371e-09	-0.6000000000000001
8770.311629304875	1200	9.412872124861813	0.0	656471	4509.850498700987	-1.000000082240371e-09	0.29999999999999993
8773.73932405507	1200	9.985177374666169	0.0	536667	3427.6947501956442	-1.000000082240371e-09	1.2
8777.562061769497	1200	10.162439660239299	0.0	587236	3822.737714426871	-1.000000082240371e-09	1.2
8781.5109712432	1200	10.21353018653423	0.0	590335	3948.909473705069	-1.000000082240371e-09	1.2
8786.029956105294	1200	9.694545324440917	0.0	696376	4518.9848620933135	-1.000000082240371e-09	1.2
8789.500561366305	1200	10.223940063429316	0.0	487160	3470.605261011601	-1.000000082240371e-09	1.2
8795.417068480712	1200	8.30743294902328	0.0	622896	5916.507114406037	-1.000000082240371e-09	1.2
8797.82456659626	750	9.899934833474365	0.0	400508	2407.4981155489154	-1.000000082240371e-09	0.3
8802.338893723807	1200	9.385607705928873	0.0	570392	4514.327127545492	-1.000000082240371e-09	0.75
8806.017874867066	1200	9.706626562669427	0.0	620283	3678.9811432594456	-1.000000082240371e-09	1.2
8809.268534667632	1200	10.455966762104786	0.0	584349	3250.659800564641	-1.000000082240371e-09	1.2
8819.616733383065	1200	4.107768046671268	0.0	670129	10348.198715433518	-1.000000082240371e-09	1.2
8822.596849513613	300	5.127651916123075	0.0	179328	2980.1161305481924	-1.000000082240371e-09	-0.6000000000000001
8824.683154869219	300	7.041346560516699	0.0	159914	2086.3053556063774	-1.000000082240371e-09	0.3
8829.155673871375	750	6.568827558360781	0.0	321064	4472.519002155917	-1.000000082240371e-09	0.3
8830.740484677592	300	8.984016752143598	0.0	124011	1584.8108062171823	-1.000000082240371e-09	-0.15000000000000002
8834.571184405202	750	9.153317024534168	0.0	378327	3830.69972760943	-1.000000082240371e-09	0.3
8839.06422712471	1200	8.660274305024064	0.0	587506	4493.042719510104	-1.000000082240371e-09	0.75
8841.202306597499	750	10.522194832236801	0.0	345516	2138.079472787263	-1.000000082240371e-09	0.3
8844.925291140418	1200	10.799210289317084	0.0	641452	3722.9845429197167	-1.000000082240371e-09	0.75
8847.92467788167	1200	11.799823548064724	0.0	599477	2999.3867412523623	-1.000000082240371e-09	1.2
8852.650356548116	1850	11.074144881620878	0.0	973972	4725.678666443846	-1.000000082240371e-09	1.2000000000000002
8856.978168328511	1850	10.746333101225268	0.0	958994	4327.811780395611	-1.000000082240371e-09	1.85
8859.905074643031	1200	11.81942678670456	0.0	638661	2926.906314520707	-1.000000082240371e-09	0.5499999999999999
8864.325184532658	1850	11.39931689707772	0.0	830730	4420.109889626841	-1.000000082240371e-09	1.2000000000000002
8869.706633704529	1850	10.017867725207436	0.0	846370	5381.449171870283	-1.000000082240371e-09	1.85

