14913.571025886413	750	4.0	2.7720774829579558	450283	2772.077482957956	0.21042759716510773	-11.169933176719208
14914.65504961104	300	6.915976275372986	0.0	155580	1084.0237246270135	0.22398324310779572	-0.15000000000000002
14915.64273559898	300	9.928290287432564	0.0	139857	987.6859879404237	0.005022839643061161	0.3
14916.54161922781	300	13.029406658601745	0.0	155432	898.8836288308169	0.04458589851856232	0.3
14918.493351163572	750	15.07767472283922	0.0	411561	1951.731935762525	0.4474298357963562	0.3
14920.212610377414	1200	17.35841550899755	0.0	520315	1719.25921384167	0.2896353304386139	0.75
14922.533502859767	1200	19.037523026643978	0.0	561791	2320.8924823535717	0.004705176223069429	1.2
14924.944035174318	1200	20.626990712094152	0.0	709534	2410.5323145498273	0.004705176223069429	1.2
14927.228385655366	1200	22.34264023104588	0.0	584846	2284.3504810482723	0.004705176223069429	1.2
14930.27903967424	1200	23.291986212170517	0.0	560821	3050.6540188753656	0.004705176223069429	1.2
14933.788600068727	1200	23.782425817684985	0.0	607410	3509.56039448553	0.004705176223069429	1.2
14938.093918544924	1200	23.47710734148859	0.0	594078	4305.318476196391	0.004705176223069429	1.2
14943.576327554942	1200	21.994698331470374	0.0	624282	5482.409010018213	0.00826726108789444	1.2
14948.562285811699	1200	21.008740074714154	0.0	687371	4985.95825675622	0.053429946303367615	1.2
14953.58918518129	1200	19.981840705122046	0.0	526950	5026.89936959211	0.0515979640185833	1.2
14962.935414815644	1200	14.635611070767576	0.0	587876	9346.22963435447	0.3497598469257355	1.2
14965.015830467357	750	16.55519541905421	0.0	360831	2080.4156517133642	0.6695305705070496	0.3
14966.612832865132	750	18.95819302127837	0.0	372963	1597.0023977758433	0.01596907712519169	0.75
14968.425818207534	750	21.145207678875952	0.0	405596	1812.98534240242	0.6439930200576782	0.75
14970.254085004728	1200	23.31694088168196	0.0	586839	1828.2667971939902	0.406828373670578	0.75
14973.174403760768	1200	24.39662212564157	0.0	601738	2920.3187560403903	0.004705176223069429	1.2
14979.613488618827	1200	21.957537267583078	0.0	616206	6439.084858058493	0.004705176223069429	1.2
14981.622611148183	1200	23.948414738227623	0.0	656471	2009.1225293554537	0.49716565012931824	1.2
14983.144796777458	1200	26.426229108951123	0.0	536667	1522.185629276502	0.004705176223069429	1.2
14984.834656311397	1200	28.736369575014372	0.0	587236	1689.8595339367523	0.004705176223069429	1.2
14986.5101470652	1200	31.060878821211094	0.0	590335	1675.490753803273	0.07158402353525162	1.2
14988.184743430824	1200	33.38628245558796	0.0	696376	1674.5963656231377	0.21298329532146454	1.2
14991.67234354345	2850	33.89868234295948	0.0	1141971	3487.6001126284846	0.5869147777557373	1.2000000000000002
15004.04924691288	2850	25.521778973530765	0.0	1498470	12376.903369428717	0.004705176223069429	2.85
15009.790323556463	1200	23.78070232994898	0.0	641447	5741.076643581784	0.006835548207163811	-0.44999999999999996
15021.119255873455	1200	16.451770012956345	0.0	570392	11328.932316992637	0.01857982948422432	1.2
15024.718422069722	300	16.85260381669058	0.0	157488	3599.166196265765	0.6724399328231812	-0.6000000000000001
15026.245564993593	300	19.32546089281979	0.0	143881	1527.142923870787	0.6132004857063293	0.3
15029.14564282224	750	20.42538306417173	0.0	412837	2900.077828648065	0.047932837158441544	0.3
15031.293730812853	750	22.277295073558637	0.0	401088	2148.0879906130913	0.09234409779310226	0.75
15033.741610393248	1200	23.82941549316248	0.0	598727	2447.879580396159	0.3239819407463074	0.75
15035.42089153845	1200	26.150134347960524	0.0	487812	1679.2811452019575	0.004705176223069429	1.2
15037.778231611106	1200	27.79279427530365	0.0	575591	2357.3400726568743	0.12047208100557327	1.2
15039.91452501432	1200	29.65650087209189	0.0	605884	2136.29340321176	0.3360033631324768	1.2
15046.925851384538	2850	26.645174501873917	0.0	1402287	7011.326370217971	0.5916855335235596	1.2000000000000002
15052.440965444068	2850	25.130060442343872	0.0	1339500	5515.114059530046	0.004705176223069429	2.85
15058.452067819035	2850	23.118958067377143	0.0	1527299	6011.102374966729	0.004705176223069429	2.85
15064.815455231113	2850	20.755570655298012	0.0	1343002	6363.3874120791315	0.004705176223069429	2.85
15070.55787757793	2850	19.013148308480186	0.0	1587250	5742.422346817824	0.004705176223069429	2.85
15075.501603222465	2850	18.069422663945478	0.0	1464921	4943.725644534709	0.004705176223069429	2.85
15081.844639861767	2850	15.726386024644443	0.0	1483527	6343.036639301036	0.004705176223069429	2.85
15088.111382121422	2850	13.459643764989494	0.0	1231456	6266.742259654947	0.004705176223069429	2.85
15093.156242174602	2850	12.414783711810502	0.0	1364537	5044.860053178992	0.004705176223069429	2.85

