24069.874787418976	750	4.0	6.6911010369313795	450283	6691.10103693138	0.6682701706886292	-28.021734458804932
24071.71384993928	300	6.160937479695716	0.0	155580	1839.0625203042848	0.004705176223069429	-0.15000000000000002
24073.08287146062	300	8.791915958355675	0.0	139857	1369.0215213400395	0.004705176223069429	0.3
24074.32963079061	300	11.545156628364916	0.0	155432	1246.7593299907599	0.004705176223069429	0.3
24075.505553131537	300	14.369234287440888	0.0	163442	1175.9223409240274	0.006265902426093817	0.3
24076.486427785403	300	17.38835963357115	0.0	126289	980.8746538697418	0.5917791724205017	0.3
24078.140909050904	300	19.73387836806929	0.0	153295	1654.4812655018584	0.6874302625656128	0.3
24083.199173565426	750	18.675613853548857	0.0	437162	5058.264514520432	0.6883349418640137	0.3
24091.646677376317	750	14.228110042658404	0.0	374758	8447.503810890454	0.09343651682138443	0.75
24095.09110103551	300	14.783686383463477	0.0	139105	3444.4236591949266	0.004705176223069429	-0.15000000000000002
24098.724740756064	300	15.150046662906574	0.0	141840	3633.639720556902	0.004705176223069429	0.3
24104.089506384647	300	13.785281034322132	0.0	156148	5364.765628584442	0.004705176223069429	0.3
24109.49888771124	300	12.375899707727257	0.0	160746	5409.381326594876	0.004705176223069429	0.3
24114.297316392724	300	11.577471026246007	0.0	179801	4798.4286814812485	0.004705176223069429	0.3
24118.312420233957	300	11.562367185013237	0.0	140051	4015.1038412327707	0.004705176223069429	0.3
24121.296289051857	300	12.578498367115557	0.0	138313	2983.868817897679	0.004705176223069429	0.3
24123.898363273882	300	13.976424145091729	0.0	143509	2602.074222023828	0.004705176223069429	0.3
24126.402212265013	300	15.472575153958488	0.0	150616	2503.848991133242	0.004705176223069429	0.3
24129.325015355287	300	16.549772063685914	0.0	165384	2922.803090272573	0.004705176223069429	0.3
24132.312628209558	300	17.56215920941773	0.0	140881	2987.6128542681868	0.004705176223069429	0.3
24136.61992726121	300	17.254860157763776	0.0	157671	4307.299051653956	0.004705176223069429	0.3
24138.704766151353	300	19.17002126762081	0.0	157812	2084.838890142966	0.004705176223069429	0.3
24139.94070775146	300	21.934079667515473	0.0	163927	1235.9416001053355	0.022903434932231903	0.3
24142.04603343799	750	23.828753980987443	0.0	343800	2105.32568652803	0.4082311987876892	0.3
24144.522824082564	750	25.351963336413647	0.0	359903	2476.7906445737963	0.013653194531798363	0.75
24146.762815736107	750	27.11197168287087	0.0	379700	2239.9916535427774	0.026273394003510475	0.75
24149.57532635145	750	28.29946106753072	0.0	425781	2812.510615340147	0.1012512817978859	0.75
24151.537692430407	750	30.337094988573114	0.0	277716	1962.3660789576109	0.19002924859523773	0.75
24154.291845410906	750	31.582942008073264	0.0	400396	2754.1529804998513	0.31304267048835754	0.75
24157.19464725119	750	32.68014016778542	0.0	400508	2902.8018402878442	0.5944123268127441	0.75
24160.261705643945	1200	33.61308177503171	0.0	570392	3067.058392753711	0.6767348051071167	0.75
24164.022711671183	1200	33.85207574778963	0.0	620283	3761.0060272420783	0.004705176223069429	1.2
24167.329350409225	1200	34.54543700975012	0.0	584349	3306.6387380395086	0.004705176223069429	1.2
24170.834964451064	1200	35.039822967911306	0.0	670129	3505.6140418388077	0.004705176223069429	1.2
24174.356408012354	1200	35.51837940662122	0.0	690253	3521.443561290086	0.004705176223069429	1.2
24177.699776293957	1200	36.17501112501952	0.0	598727	3343.368281601695	0.005543196108192205	1.2
24181.064200600693	1200	36.81058681828388	0.0	487812	3364.4243067356424	0.03398865833878517	1.2
24185.238872429618	1200	36.63591498935797	0.0	575591	4174.67182892591	0.010436121374368668	1.2
24191.082272620064	1200	34.7925147989111	0.0	605884	5843.400190446874	0.01424347423017025	1.2
24194.198803583997	1200	35.67598383497688	0.0	587506	3116.530963934219	0.004705176223069429	1.2
24197.449241439474	1200	36.42554597950159	0.0	566904	3250.4378554752943	0.2913814187049866	1.2
24201.000446971622	1200	36.87434044735184	0.0	641452	3551.205532149755	0.6841773390769958	1.2
24210.18362425718	2850	31.691163161793774	0.0	1343002	9183.177285558066	0.22700928151607513	1.2000000000000002
24219.487828324778	2850	26.386959094195365	0.0	1587250	9304.20406759841	0.004705176223069429	2.85
24228.174915614192	2850	21.699871804782497	0.0	1464921	8687.08728941287	0.004705176223069429	2.85
24239.57304994092	2850	14.301737478054967	0.0	1483527	11398.134326727528	0.004705176223069429	2.85
24243.38850367671	1200	14.486283742264579	0.0	538612	3815.4537357903882	0.07596427947282791	-0.44999999999999996
24246.744388933686	1200	15.130398485288195	0.0	550906	3355.885256976383	0.004705176223069429	1.2

