22277.679134669583	750	4.0	1.3915974527875299	450283	1391.5974527875298	0.056732308119535446	-5.233869046986379
22279.78365212175	1200	5.895482547833153	0.0	611087	2104.517452166847	0.41166433691978455	0.75
22281.97729670431	1200	7.701837965271076	0.0	571051	2193.644582562078	0.006453156005591154	1.2
22284.19611509366	1200	9.483019575921768	0.0	617681	2218.8183893493087	0.007263113744556904	1.2
22286.317393157657	1200	11.361741511925484	0.0	652874	2121.278063996283	0.004705176223069429	1.2
22288.231130096203	1200	13.448004573377206	0.0	520315	1913.7369385482787	0.004705176223069429	1.2
22290.195388384298	1200	15.48374628528324	0.0	561791	1964.2582880939642	0.004705176223069429	1.2
22292.16270581529	1200	17.516428854286424	0.0	709534	1967.317430996818	0.004705176223069429	1.2
22293.904016461634	1200	19.77511820794529	0.0	584846	1741.3106463411334	0.004705176223069429	1.2
22295.696729834406	1200	21.98240483516937	0.0	560821	1792.713372775926	0.004705176223069429	1.2
22297.56097489459	1200	24.118159774985077	0.0	607410	1864.2450601842909	0.005106058903038502	1.2
22299.812188689928	1200	25.86694597964817	0.0	594078	2251.2137953369056	0.008573990315198898	1.2
22302.130793942884	1200	27.54834072669282	0.0	624282	2318.605252955348	0.007820145227015018	1.2
22304.765348994853	1200	28.913785674720774	0.0	687371	2634.5550519720505	0.0071572489105165005	1.2
22306.746416560814	1200	30.932718108760877	0.0	526950	1981.0675659598971	0.015400614589452744	1.2
22309.111756659713	1200	32.56737800986024	0.0	587876	2365.340098900638	0.030345100909471512	1.2
22312.01933808877	1200	33.65979658080403	0.0	617242	2907.5814290562166	0.02432955801486969	1.2
22315.016899719947	1200	34.662234949625756	0.0	581493	2997.5616311782715	0.010723667219281197	1.2
22317.121864798646	1200	36.55726987092552	0.0	639204	2104.9650787002283	0.004970674868673086	1.2
22319.458482032038	1200	38.22065263753401	0.0	586839	2336.6172333915115	0.09380560368299484	1.2
22322.254377306217	1200	39.42475736335561	0.0	601738	2795.8952741784046	0.15682320296764374	1.2
22324.875099898905	1200	40.804034770668295	0.0	616206	2620.7225926873107	0.06955485790967941	1.2
22327.287747661456	1200	42.39138700811596	0.0	656471	2412.6477625523307	0.10795103013515472	1.2
22329.433628923245	1200	44.245505746326494	0.0	536667	2145.881261789466	0.629589319229126	1.2
22334.57080747086	2850	43.10832719871054	0.0	1383735	5137.178547615955	0.6232219934463501	1.2000000000000002
22340.862863572955	2850	40.816271096615495	0.0	1480464	6292.056102095046	0.004705176223069429	2.85
22347.0994606701	2850	38.57967399947015	0.0	1547572	6236.5970971453435	0.004705176223069429	2.85
22351.680942348496	2850	37.99819232107461	0.0	1141971	4581.481678395538	0.004705176223069429	2.85
22357.355048089776	2850	36.324086579794354	0.0	1498470	5674.105741280252	0.004705176223069429	2.85
22362.509627247877	2850	35.16950742169419	0.0	1561263	5154.579158100161	0.004705176223069429	2.85
22367.223480540866	2850	34.45565412870351	0.0	1341201	4713.85329299069	0.004705176223069429	2.85
22372.31425617671	2850	33.36487849286179	0.0	1497683	5090.775635841718	0.004705176223069429	2.85
22377.896576891144	2850	31.78255777842989	0.0	1358081	5582.320714431898	0.004705176223069429	2.85
22383.71349510586	2850	29.965639563708447	0.0	1587293	5816.918214721445	0.004705176223069429	2.85
22388.5322815846	2850	29.146853084967677	0.0	1492672	4818.786478740767	0.004705176223069429	2.85
22393.286997303185	2850	28.392137366387118	0.0	1439896	4754.715718580564	0.004705176223069429	2.85
22398.280360648976	2850	27.398774020597017	0.0	1139291	4993.363345790098	0.004705176223069429	2.85
22404.71676342336	2850	24.962371246209134	0.0	1499009	6436.402774387883	0.004705176223069429	2.85
22409.46847308059	2850	24.21066158897954	0.0	1427478	4751.709657229596	0.004705176223069429	2.85
22414.422412749744	2850	23.25672191982518	0.0	1402287	4953.939669154364	0.004705176223069429	2.85
22421.805831829806	2850	19.87330283976392	0.0	1339500	7383.419080061254	0.004705176223069429	2.85
22430.30691059522	2850	15.372224074350429	0.0	1527299	8501.078765413491	0.004705176223069429	2.85
22435.842915084537	2850	13.836219585032941	0.0	1343002	5536.004489317489	0.02047686092555523	2.85
22441.97405945619	2850	11.705075213378965	0.0	1587250	6131.144371653976	0.004705176223069429	2.85
22447.670003340434	2850	10.009131329137658	0.0	1464921	5695.943884241307	0.004705176223069429	2.85
22454.1712954419	2850	7.5078392276681996	0.0	1483527	6501.2921014694575	0.0060476623475551605	2.85
22456.447159805193	1200	9.231974864376303	0.0	538612	2275.8643632918966	0.5311015248298645	-0.44999999999999996
22459.251305177917	1200	10.427829491654684	0.0	550906	2804.145372721619	0.004705176223069429	1.2

