14122.962375698908	750	4.0	5.127185897414645	450283	5127.185897414644	-1.000000082240371e-09	-21.29689935888297
14124.855657200162	300	6.106718498746048	0.0	155580	1893.2815012539522	-1.000000082240371e-09	-0.15000000000000002
14126.498619102465	300	8.463756596441497	0.0	139857	1642.961902304551	-1.000000082240371e-09	0.3
14130.851168549943	750	8.111207148962142	0.0	382355	4352.549447479354	-1.000000082240371e-09	0.3
14135.733908504279	750	7.228467194627053	0.0	411561	4882.739954335089	-1.000000082240371e-09	0.75
14139.181113368455	750	7.781262330451354	0.0	318564	3447.204864175699	-1.000000082240371e-09	0.75
14142.333316975539	750	8.629058723368043	0.0	352642	3152.2036070833105	-1.000000082240371e-09	0.75
14147.040855757732	750	7.921519941176189	0.0	437162	4707.538782191854	-1.000000082240371e-09	0.75
14151.136893862855	750	7.82548183605395	0.0	374758	4096.038105122239	-1.000000082240371e-09	0.75
14155.96783049145	750	6.994545207459848	0.0	362795	4830.936628594102	-1.000000082240371e-09	0.75
14157.771122891825	300	9.191252807085602	0.0	141840	1803.2924003742446	-1.000000082240371e-09	-0.15000000000000002
14164.236482848466	1200	6.725892850444813	0.0	594078	6465.359956640789	-1.000000082240371e-09	0.29999999999999993
14165.592856296988	300	9.36951940192293	0.0	160746	1356.3734485218831	-1.000000082240371e-09	-0.6000000000000001
14170.194881349868	1200	8.76749434904399	0.0	687371	4602.025052878942	-1.000000082240371e-09	0.29999999999999993
14172.812876486601	750	10.149499212310683	0.0	337059	2617.995136733305	-1.000000082240371e-09	0.3
14177.12339181427	1200	9.83898388464361	0.0	587876	4310.515327667074	-1.000000082240371e-09	0.75
14182.266745492454	1200	8.69563020645862	0.0	617242	5143.353678184992	-1.000000082240371e-09	1.2
14185.172964257998	750	9.789411440915188	0.0	372963	2906.2187655434327	-1.000000082240371e-09	0.3
14192.192495517993	1200	6.769880180920698	0.0	639204	7019.53125999449	-1.000000082240371e-09	0.75
14194.636069599175	300	8.326306099738819	0.0	140881	2443.574081181879	-1.000000082240371e-09	-0.6000000000000001
14202.035847768677	750	4.92652793023635	0.0	386472	7399.778169502468	-1.000000082240371e-09	0.3
14204.52895125708	300	6.433424441834824	0.0	157812	2493.1034884015257	-1.000000082240371e-09	-0.15000000000000002
14207.528611815555	300	7.43376388335877	0.0	163927	2999.660558476055	-1.000000082240371e-09	0.3
14214.646172651981	750	4.31620304693144	0.0	343800	7117.56083642733	-1.000000082240371e-09	0.3
14217.366590114703	300	5.595785584210601	0.0	146754	2720.4174627208386	-1.000000082240371e-09	-0.15000000000000002
14220.322052408777	300	6.640323290136988	0.0	153938	2955.4622940736135	-1.000000082240371e-09	0.3
14223.810849916437	300	7.151525782476726	0.0	181901	3488.79750766026	-1.000000082240371e-09	0.3
14228.465957054215	750	6.496418644699243	0.0	277716	4655.107137777484	-1.000000082240371e-09	0.3
14230.877909421084	300	8.08446627782846	0.0	153605	2411.952366870782	-1.000000082240371e-09	-0.15000000000000002
14241.441175792621	750	4.0	2.4788000937093404	400508	10563.2663715378	-1.000000082240371e-09	-10.358840402950163
14246.798238089232	300	4.0	1.35706229661028	157421	5357.06229661028	-1.000000082240371e-09	-5.985367875424204
14251.166094961469	300	4.0	0.36785687223700736	157488	4367.856872237007	-1.000000082240371e-09	-1.2817845506191314
14254.497799706478	300	4.668295254991299	0.0	143881	3331.704745008701	-1.000000082240371e-09	0.3
14257.569277844212	300	5.596817117258113	0.0	163444	3071.4781377331856	-1.000000082240371e-09	0.3
14260.13966870355	300	7.026426257917837	0.0	179328	2570.3908593402753	-1.000000082240371e-09	0.3
14265.24525945773	750	5.920835503737832	0.0	365161	5105.590754180005	-1.000000082240371e-09	0.3
14267.313253355545	300	7.852841605921845	0.0	131610	2067.9938978159876	-1.000000082240371e-09	-0.15000000000000002
14273.954160690022	750	5.211934271444505	0.0	361565	6640.90733447734	-1.000000082240371e-09	0.3
14277.361185136524	300	5.804909824943804	0.0	144254	3407.0244465007017	-1.000000082240371e-09	-0.15000000000000002
14280.065113698736	300	7.100981262731938	0.0	149991	2703.928562211865	-1.000000082240371e-09	0.3
14285.06315480826	750	6.102940153206445	0.0	345516	4998.041109525494	-1.000000082240371e-09	0.3
14286.84193091995	300	8.324164041515631	0.0	161857	1778.7761116908137	-1.000000082240371e-09	-0.15000000000000002
14290.305825134159	750	8.860269827307748	0.0	372093	3463.894214207882	-1.000000082240371e-09	0.3
14294.890932917966	750	8.275162043501012	0.0	438281	4585.107783806737	-1.000000082240371e-09	0.75
14300.19076312498	750	6.975331836487298	0.0	398987	5299.830207013714	-1.000000082240371e-09	0.75
14303.277947478908	300	7.888147482560483	0.0	160064	3087.1843539268148	-1.000000082240371e-09	-0.15000000000000002
14310.336955670116	750	4.829139291351901	0.0	331053	7059.008191208582	-1.000000082240371e-09	0.3
14312.337180850282	300	6.82891411118633	0.0	118421	2000.2251801655714	-1.000000082240371e-09	-0.15000000000000002

