6612.755664564578	750	4.0	8.793419615156727	450283	8793.419615156727	-1.000000082240371e-09	-37.06170434517393
6615.756025871835	300	4.999638692742964	0.0	155580	3000.361307257036	-1.000000082240371e-09	-0.15000000000000002
6618.384762502884	300	6.370902061693952	0.0	139857	2628.7366310490115	-1.000000082240371e-09	0.3
6620.864023467337	300	7.89164109724028	0.0	155432	2479.2609644536724	-1.000000082240371e-09	0.3
6626.936355251863	750	5.8193093127148146	0.0	411561	6072.331784525465	-1.000000082240371e-09	0.3
6628.812293602064	300	7.943370962513812	0.0	126289	1875.9383502010032	-1.000000082240371e-09	-0.15000000000000002
6633.860624968251	750	6.895039596326414	0.0	352642	5048.331366187398	-1.000000082240371e-09	0.3
6636.263804511099	300	8.491860053477634	0.0	173849	2403.17954284878	-1.000000082240371e-09	-0.15000000000000002
6641.5753639742625	750	7.180300590314644	0.0	374758	5311.55946316299	-1.000000082240371e-09	0.3
6647.249369081785	750	5.506295482791957	0.0	362795	5674.005107522687	-1.000000082240371e-09	0.75
6649.684785231687	300	7.0708793328901445	0.0	141840	2435.4161499018123	-1.000000082240371e-09	-0.15000000000000002
6655.291397491137	750	5.464267073439731	0.0	405134	5606.612259450413	-1.000000082240371e-09	0.3
6657.505275242705	300	7.250389321872675	0.0	160746	2213.877751567056	-1.000000082240371e-09	-0.15000000000000002
6665.500474785481	750	4.0	0.7448102209034824	434409	7995.199542776158	-1.000000082240371e-09	-2.9026839498849744
6667.599406873622	300	5.901067911858758	0.0	140051	2098.9320881412427	-1.000000082240371e-09	-0.15000000000000002
6669.50379715832	300	7.996677627161385	0.0	138313	1904.3902846973729	-1.000000082240371e-09	0.3
6674.69980526784	750	6.800669517641035	0.0	360831	5196.00810952035	-1.000000082240371e-09	0.3
6677.043843355824	300	8.456631429656333	0.0	150616	2344.0380879847003	-1.000000082240371e-09	-0.15000000000000002
6683.412852043774	750	6.087622741706381	0.0	405596	6369.008687949953	-1.000000082240371e-09	0.3
6685.741477227371	300	7.758997558109495	0.0	140881	2328.6251835968865	-1.000000082240371e-09	-0.15000000000000002
6691.954735621021	750	5.545739164459407	0.0	386472	6213.258393650088	-1.000000082240371e-09	0.3
6694.533295648109	300	6.967179137371697	0.0	157812	2578.5600270877108	-1.000000082240371e-09	-0.15000000000000002
6697.300775360987	300	8.199699424492934	0.0	163927	2767.4797128787623	-1.000000082240371e-09	0.3
6702.655416986898	750	6.845057798582863	0.0	343800	5354.6416259100715	-1.000000082240371e-09	0.3
6704.878428102803	300	8.622046682677608	0.0	146754	2223.0111159052544	-1.000000082240371e-09	-0.15000000000000002
6709.672411205953	750	7.8280635795274645	0.0	379700	4793.9831031501435	-1.000000082240371e-09	0.3
6713.8938327217575	750	7.606642063722919	0.0	425781	4221.421515804545	-1.000000082240371e-09	0.75
6716.548894182562	750	8.951580602918211	0.0	277716	2655.0614608047076	-1.000000082240371e-09	0.75
6721.084559195251	750	8.415915590230188	0.0	400396	4535.665012688023	-1.000000082240371e-09	0.75
6725.742461209038	750	7.758013576443185	0.0	400508	4657.902013787003	-1.000000082240371e-09	0.75
6730.082826503992	750	7.417648281489318	0.0	358218	4340.365294953867	-1.000000082240371e-09	0.75
6735.687331104809	750	5.813143680671806	0.0	400322	5604.504600817511	-1.000000082240371e-09	0.75
6738.462882135794	300	7.03759264968726	0.0	143881	2775.5510309845467	-1.000000082240371e-09	-0.15000000000000002
6744.624733141326	750	4.8757416441543375	0.0	412837	6161.8510055329225	-1.000000082240371e-09	0.3
6746.86306475884	300	6.637410026640336	0.0	179328	2238.3316175140008	-1.000000082240371e-09	-0.15000000000000002
6748.737668515278	300	8.7628062702022	0.0	159914	1874.603756438137	-1.000000082240371e-09	0.3
6752.903325439459	750	8.597149346021238	0.0	321064	4165.656924180961	-1.000000082240371e-09	0.3
6757.444803587976	750	8.05567119750439	0.0	361565	4541.478148516849	-1.000000082240371e-09	0.75
6761.57835234306	750	7.922122442420381	0.0	378327	4133.548755084009	-1.000000082240371e-09	0.75
6766.053813334848	750	7.4466614506323525	0.0	390680	4475.460991788029	-1.000000082240371e-09	0.75
6770.322578307133	750	7.177896478346527	0.0	345516	4268.764972285825	-1.000000082240371e-09	0.75
6775.25820730472	750	6.242267480759527	0.0	384505	4935.6289975869995	-1.000000082240371e-09	0.75
6777.07647647158	300	8.42399831390007	0.0	145210	1818.2691668594591	-1.000000082240371e-09	-0.15000000000000002
6782.4986546721275	750	7.001820113352169	0.0	438281	5422.1782005479	-1.000000082240371e-09	0.3
6787.191758711022	750	6.308716074456664	0.0	398987	4693.104038895504	-1.000000082240371e-09	0.75
6789.2450403511675	300	8.255434434311411	0.0	160064	2053.2816401452524	-1.000000082240371e-09	-0.15000000000000002
6793.4486033430685	750	8.051871442410498	0.0	331053	4203.562991900913	-1.000000082240371e-09	0.3
6796.908504807339	750	8.591969978139744	0.0	314107	3459.901464270753	-1.000000082240371e-09	0.75

