3396.7489041434046	750	4.0	4.043612194844198	450283	4043.6121948441983	0.004705176223069429	-16.63753243783005
3398.4053625505167	300	6.343541592888147	0.0	155580	1656.458407111853	0.004705176223069429	-0.15000000000000002
3399.674053678256	300	9.07485046514876	0.0	139857	1268.6911277393874	0.004705176223069429	0.3
3400.8520183990663	300	11.896885744338519	0.0	155432	1177.9647208102417	0.004705176223069429	0.3
3401.962140408754	300	14.786763734651103	0.0	163442	1110.122009687414	0.05056598410010338	0.3
3403.9796367698927	750	16.769267373512527	0.0	318564	2017.496361138576	0.6531354188919067	0.3
3407.5031926345996	750	17.24571150880523	0.0	352642	3523.5558647072994	0.05967740714550018	0.75
3412.1009309180818	750	16.647973225323533	0.0	437162	4597.738283481694	0.00958572793751955	0.75
3417.0594662493086	750	15.689437894096738	0.0	374758	4958.535331226796	0.14136050641536713	0.75
3421.3111823560253	750	15.437721787380127	0.0	362795	4251.716106716611	0.6967761516571045	0.75
3423.6676920312634	750	17.081212112141802	0.0	353220	2356.509675238326	0.4498218297958374	0.75
3426.386549575745	750	18.362354567660244	0.0	405134	2718.8575444815597	0.006406189873814583	0.75
3429.3059014063174	750	19.44300273708777	0.0	386351	2919.3518305724756	0.012191873975098133	0.75
3433.9272912845677	750	18.82161285883748	0.0	434409	4621.389878250293	0.009199181571602821	0.75
3436.8047571480965	750	19.94414699530892	0.0	337059	2877.46586352856	0.013930272310972214	0.75
3439.1174100897033	750	21.63149405370209	0.0	366214	2312.6529416068274	0.004705176223069429	0.75
3441.928325514404	750	22.820578629001222	0.0	360831	2810.915424700869	0.017109880223870277	0.75
3447.374825853628	750	21.374078289777184	0.0	372963	5446.500339224038	0.016597293317317963	0.75
3453.345708652877	750	19.40319549052865	0.0	405596	5970.882799248538	0.004705176223069429	0.75
3456.747787831877	750	20.001116311528737	0.0	350713	3402.079178999909	0.07206395268440247	0.75
3460.447287708447	750	20.30161643495841	0.0	386472	3699.4998765703276	0.004705176223069429	0.75
3463.7142534996915	750	21.03465064371414	0.0	399894	3266.96579124427	0.004705176223069429	0.75
3470.5838046463214	750	18.1650994970838	0.0	401853	6869.5511466303415	0.004705176223069429	0.75
3474.167815921981	750	18.581088221424512	0.0	343800	3584.0112756592894	0.6894212961196899	0.75
3480.2193690780305	750	16.529535065375274	0.0	359903	6051.553156049233	0.013298223726451397	0.75
3484.3956420483905	300	16.353262095014852	0.0	153938	4176.272970360423	0.31035906076431274	-0.15000000000000002
3486.9592927060526	300	17.789611437352495	0.0	181901	2563.650657662357	0.004705176223069429	0.3
3488.03255027047	300	20.716353872935212	0.0	111155	1073.2575644172844	0.014227517880499363	0.3
3491.1180116692162	750	21.630892474189	0.0	400396	3085.4613987462094	0.6959981918334961	0.3
3495.6748845019247	750	21.074019641480383	0.0	400508	4556.872832708617	0.004705176223069429	0.75
3498.8579431034746	750	21.89096103993044	0.0	358218	3183.0586015499443	0.004705176223069429	0.75
3506.0171863514925	750	18.731717791912573	0.0	400322	7159.243248017868	0.004705176223069429	0.75
3508.6249989299145	750	20.123905213490552	0.0	369834	2607.812578422021	0.6520440578460693	0.75
3510.2169911031806	750	22.531913040224627	0.0	412837	1591.9921732659254	0.0047651175409555435	0.75
3513.052960142292	1200	23.695944001113652	0.0	690253	2835.969039110972	0.3300541937351227	0.75
3515.680351971741	1200	25.068552171664447	0.0	598727	2627.391829449208	0.004705176223069429	1.2
3517.9849229831507	1200	26.763981160254993	0.0	487812	2304.571011409454	0.007774315308779478	1.2
3520.173818434906	1200	28.575085708499362	0.0	575591	2188.895451755629	0.004705176223069429	1.2
3522.2873535524045	1200	30.46155059100104	0.0	605884	2113.5351174983243	0.4596814215183258	1.2
3526.8761750474855	2850	29.872729095919784	0.0	1402287	4588.8214950812535	0.14864780008792877	1.2000000000000002
3539.7793017218223	2850	20.96960242158309	0.0	1339500	12903.126674336694	0.004705176223069429	2.85
3543.9311026605997	1200	20.817801482806	0.0	641452	4151.800938777091	0.1219363883137703	-0.44999999999999996
3546.392970185191	1200	22.355933958214386	0.0	599477	2461.8675245916133	0.004705176223069429	1.2
3552.4404475071788	2850	20.308456636226836	0.0	1587250	6047.47732198755	0.6600200533866882	1.2000000000000002
3558.000352055775	2850	18.74855208763071	0.0	1464921	5559.904548596128	0.004705176223069429	2.85
3567.664040619122	2850	13.08486352428376	0.0	1483527	9663.68856334695	0.004705176223069429	2.85
3570.8740058666626	1200	13.874898276743123	0.0	538612	3209.9652475406374	0.6536812782287598	-0.44999999999999996
3573.8502184107933	1200	14.898685732612433	0.0	550906	2976.212544130689	0.011974683031439781	1.2

