16750.80049267965	750	4.0	7.947206251782381	450283	7947.2062517823815	-1.000000082240371e-09	-33.42298688266424
16753.558885203816	300	5.241607475832228	0.0	155580	2758.392524167771	-1.000000082240371e-09	-0.15000000000000002
16756.725933845803	300	6.07455883384848	0.0	139857	3167.048641983749	-1.000000082240371e-09	0.3
16761.251812838284	300	5.548679841364558	0.0	155432	4525.878992483921	-1.000000082240371e-09	0.3
16763.966252857597	300	6.834239822051922	0.0	163442	2714.4400193126367	-1.000000082240371e-09	0.3
16766.507481266064	300	8.293011413587552	0.0	126289	2541.2284084643697	-1.000000082240371e-09	0.3
16773.427887025977	750	5.372605653674265	0.0	352642	6920.405759913287	-1.000000082240371e-09	0.3
16776.99409197548	300	5.806400704168439	0.0	173849	3566.2049495058263	-1.000000082240371e-09	-0.15000000000000002
16781.164680351136	300	5.635812328516641	0.0	150710	4170.588375651798	-1.000000082240371e-09	0.3
16785.484663007006	300	5.315829672644539	0.0	139105	4319.982655872102	-1.000000082240371e-09	0.3
16789.23936658688	300	5.5611260927728505	0.0	141840	3754.7035798716875	-1.000000082240371e-09	0.3
16794.581012448925	300	4.219480230724494	0.0	156148	5341.645862048357	-1.000000082240371e-09	0.3
16798.71336607906	300	4.08712660058794	0.0	160746	4132.353630136554	-1.000000082240371e-09	0.3
16802.68771619549	300	4.112776484159113	0.0	179801	3974.3501164288264	-1.000000082240371e-09	0.3
16804.32639769404	300	6.474094985609705	0.0	140051	1638.6814985494082	-1.000000082240371e-09	0.3
16805.808084540124	300	8.992408139523	0.0	138313	1481.6868460867045	-1.000000082240371e-09	0.3
16812.366812342152	750	6.433680337497422	0.0	360831	6558.727802025579	-1.000000082240371e-09	0.3
16815.5395433257	300	7.260949353948354	0.0	150616	3172.730983549067	-1.000000082240371e-09	-0.15000000000000002
16822.575673348514	750	4.224819331137438	0.0	405596	7036.130022810917	-1.000000082240371e-09	0.3
16824.186518138336	300	6.613974541312982	0.0	140881	1610.8447898244553	-1.000000082240371e-09	-0.15000000000000002
16825.77730236923	300	9.023190310417611	0.0	157671	1590.7842308953716	-1.000000082240371e-09	0.3
16831.379364029126	1200	7.421128650527592	0.0	616206	5602.061659890019	-1.000000082240371e-09	0.29999999999999993
16835.43242893338	750	7.368063746269423	0.0	401853	4053.0649042581695	-1.000000082240371e-09	0.3
16839.91950907153	750	6.880983608122733	0.0	343800	4487.08013814669	-1.000000082240371e-09	0.75
16841.803153882127	300	8.997338797522694	0.0	146754	1883.6448106000385	-1.000000082240371e-09	-0.15000000000000002
16845.936385823614	750	8.864106856035248	0.0	379700	4133.231941487446	-1.000000082240371e-09	0.3
16854.101390120402	750	4.699102559246655	0.0	425781	8165.004296788592	-1.000000082240371e-09	0.75
16855.267452887467	300	7.5330397921803645	0.0	111155	1166.062767066291	-1.000000082240371e-09	-0.15000000000000002
16860.034732787848	750	6.765759891799948	0.0	400396	4767.279900380417	-1.000000082240371e-09	0.3
16861.42013466375	300	9.380358015897967	0.0	149029	1385.4018759019789	-1.000000082240371e-09	-0.15000000000000002
16866.34359972042	1200	8.456892959226906	0.0	570392	4923.465056671062	-1.000000082240371e-09	0.29999999999999993
16872.04403908293	750	6.756453596716751	0.0	400322	5700.439362510154	-1.000000082240371e-09	0.3
16874.930370670616	300	7.870122009032066	0.0	143881	2886.331587684685	-1.000000082240371e-09	-0.15000000000000002
16879.777044157247	750	7.023448522400569	0.0	412837	4846.673486631496	-1.000000082240371e-09	0.3
16884.57160524393	750	6.2288874357155795	0.0	401088	4794.56108668499	-1.000000082240371e-09	0.75
16886.00288731668	300	8.797605362965871	0.0	159914	1431.2820727497092	-1.000000082240371e-09	-0.15000000000000002
16889.25498912713	750	9.545503552516848	0.0	321064	3252.1018104490227	-1.000000082240371e-09	0.3
16893.34819420661	1200	9.452298473034123	0.0	575591	4093.2050794827255	-1.000000082240371e-09	0.75
16900.01088594068	1200	6.7896067389670405	0.0	605884	6662.6917340670825	-1.000000082240371e-09	1.2
16902.486003082435	300	8.314489597209734	0.0	149991	2475.117141757306	-1.000000082240371e-09	-0.6000000000000001
16908.951844957806	750	5.84864772183756	0.0	345516	6465.841875372174	-1.000000082240371e-09	0.3
16913.44631999738	300	5.35417268226212	0.0	161857	4494.475039575441	-1.000000082240371e-09	-0.15000000000000002
16916.239042648984	300	6.561450030662341	0.0	145210	2792.722651599778	-1.000000082240371e-09	0.3
16919.51030251066	300	7.290190168986977	0.0	172312	3271.259861675364	-1.000000082240371e-09	0.3
16927.127733010137	750	4.0	0.3272403304909967	398987	7617.430499477974	-1.000000082240371e-09	-1.1071334211112858
16930.762591319366	300	4.365141690766835	0.0	160064	3634.858309233165	-1.000000082240371e-09	-0.15000000000000002
16934.75014445921	300	4.377588550922108	0.0	137507	3987.553139844727	-1.000000082240371e-09	0.3
16938.437330737648	300	4.690402272486	0.0	118421	3687.1862784361083	-1.000000082240371e-09	0.3

