19066.61280949822	750	4.0	0.848125509873515	450283	848.1255098735149	0.5996794700622559	-2.8969396924561144
19067.824338476104	1200	6.788471022116791	0.0	611087	1211.5289778832089	0.004705176223069429	0.75
19068.952157273558	1200	9.660652224664123	0.0	571051	1127.8187974526682	0.004705176223069429	1.2
19070.352380900415	1200	12.260428597808298	0.0	617681	1400.223626855824	0.004705176223069429	1.2
19071.60809545098	1200	15.004714047239359	0.0	652874	1255.7145505689398	0.004705176223069429	1.2
19072.613985438584	1200	17.99882405963578	0.0	520315	1005.88998760358	0.004705176223069429	1.2
19073.82733113463	1200	20.785478363587863	0.0	561791	1213.3456960479148	0.022998401895165443	1.2
19075.217940209895	1200	23.394869288323058	0.0	709534	1390.6090752648036	0.4695163369178772	1.2
19077.80791472334	2850	24.804894774877102	0.0	1348011	2589.974513445955	0.020325228571891785	1.2000000000000002
19080.5147434989	2850	26.098065999314766	0.0	1429765	2706.828775562336	0.5644189119338989	2.85
19083.006013265716	2850	27.606796232498912	0.0	1354548	2491.2697668158557	0.6102665662765503	2.85
19085.805057540856	2850	28.807751957361667	0.0	1519951	2799.0442751372484	0.4451335668563843	2.85
19088.463253876747	2850	30.149555621471837	0.0	1422919	2658.1963358898283	0.4923582077026367	2.85
19091.485472857134	2850	31.127336641084273	0.0	1578343	3022.218980387568	0.3799532353878021	2.85
19093.896226282606	2850	32.716583215610854	0.0	1231445	2410.7534254734196	0.5630613565444946	2.85
19097.060488760224	2850	33.552320737993114	0.0	1471065	3164.262477617745	0.5706068277359009	2.85
19099.801006919293	2850	34.81180257892465	0.0	1491626	2740.5181590684647	0.26502177119255066	2.85
19102.17205804898	2850	36.44075144924177	0.0	1358801	2371.0511296828704	0.5976735949516296	2.85
19105.267666509197	2850	37.34514298902308	0.0	1537156	3095.6084602186984	0.6694847345352173	2.85
19107.935673418022	2850	38.67713608019735	0.0	1336050	2668.0069088257324	0.6235246658325195	2.85
19110.500054538836	2850	40.11275495938522	0.0	1415116	2564.381120812123	0.5865451693534851	2.85
19113.408891377534	2850	41.203918120684406	0.0	1468126	2908.8368387008186	0.6169720888137817	2.85
19116.478086985546	2850	42.134722512670955	0.0	1505760	3069.1956080134582	0.5895435810089111	2.85
19119.278206963234	2850	43.33460253498566	0.0	1323990	2800.1199776852873	0.6281484365463257	2.85
19121.793918477182	2850	44.81889102103792	0.0	1383735	2515.711513947746	0.5397517085075378	2.85
19125.78638962449	4300	44.826419873733514	0.0	2105231	3992.4711473044076	0.6957367658615112	2.8499999999999996
19130.202489647065	4300	44.410319851158235	0.0	2395588	4416.100022575272	0.004705176223069429	4.3
19133.834910053447	4300	44.777899444774505	0.0	1972048	3632.4204063837287	0.004705176223069429	4.3
19137.5766944091	4300	45.03611508911838	0.0	2134614	3741.7843556561215	0.004705176223069429	4.3
19141.57737372046	4300	45.0354357777574	0.0	2164140	4000.679311360988	0.004705176223069429	4.3
19145.751941122493	4300	44.860868375726604	0.0	2113193	4174.567402030793	0.004705176223069429	4.3
19150.082955632075	4300	44.529853866146816	0.0	2147852	4331.014509579784	0.004705176223069429	4.3
19154.27979814778	4300	44.33301135044083	0.0	2191074	4196.842515705991	0.004705176223069429	4.3
19158.515493116196	4300	44.0973163820258	0.0	2286761	4235.694968415024	0.004705176223069429	4.3
19162.626986972075	4300	43.98582252614749	0.0	2307787	4111.493855878315	0.004705176223069429	4.3
19166.778322606413	4300	43.83448689180798	0.0	2143948	4151.335634339512	0.004705176223069429	4.3
19170.23997621511	4300	44.37283328311387	0.0	1919781	3461.6536086941023	0.004705176223069429	4.3
19174.318338220834	4300	44.29447127739012	0.0	2147467	4078.362005723746	0.004705176223069429	4.3
19178.237191141106	4300	44.375618357117965	0.0	2133870	3918.8529202721606	0.004705176223069429	4.3
19182.404766981042	4300	44.20804251718255	0.0	2146120	4167.575839935417	0.004705176223069429	4.3
19186.478911989612	4300	44.133897508614915	0.0	2108491	4074.145008567631	0.004705176223069429	4.3
19190.54252091272	4300	44.0702885855046	0.0	2184571	4063.6089231103147	0.004705176223069429	4.3
19194.438564351778	4300	44.17424514644631	0.0	2121928	3896.0434390582905	0.004705176223069429	4.3
19198.53476484394	4300	44.07804465428705	0.0	2219102	4096.200492159262	0.004705176223069429	4.3
19202.705722169372	4300	43.907087328850785	0.0	2124950	4170.9573254362585	0.004705176223069429	4.3
19207.15807459107	4300	43.45473490715231	0.0	2246506	4452.352421698483	0.004705176223069429	4.3
19210.63510495531	4300	43.97770454291404	0.0	1961140	3477.0303642382646	0.004705176223069429	4.3
19214.87329251771	4300	43.73951698051147	0.0	2155012	4238.187562402573	0.004705176223069429	4.3

