188.90268440102054	750	4.0	4.722418988271614	450283	4722.418988271614	0.08595190197229385	-19.55640164956794
190.3782902192953	300	6.524394181725228	0.0	155580	1475.6058182747722	0.004705176223069429	-0.15000000000000002
191.57875096374954	300	9.323933437271	0.0	139857	1200.460744454228	0.004705176223069429	0.3
192.7269168364302	300	12.175767564590338	0.0	155432	1148.1658726806618	0.004705176223069429	0.3
193.8439111512504	300	15.058773249770114	0.0	163442	1116.9943148202246	0.07144328951835632	0.3
196.29705250662738	750	16.605631894393177	0.0	318564	2453.141355376939	0.6368404626846313	0.3
199.05602373811232	750	17.846660662908217	0.0	352642	2758.971231484958	0.00981853622943163	0.75
202.46132642672438	750	18.441357974296153	0.0	437162	3405.302688612063	0.008203254081308842	0.75
205.39195743528583	750	19.510726965734705	0.0	374758	2930.6310085614455	0.008871495723724365	0.75
208.52357291032618	750	20.37911149069435	0.0	362795	3131.615475040359	0.01732753776013851	0.75
212.37465536723593	750	20.528029033784595	0.0	353220	3851.0824569097545	0.011171016842126846	0.75
216.84896080275675	750	20.053723598263787	0.0	405134	4474.305435520809	0.004705176223069429	0.75
221.9314652993513	750	18.971219101669238	0.0	386351	5082.504496594549	0.004705176223069429	0.75
229.45705914063998	750	15.445625260380533	0.0	434409	7525.593841288704	0.02330644056200981	0.75
231.9883007095063	300	16.914383691514224	0.0	140051	2531.241568866311	0.01482799369841814	-0.15000000000000002
234.33207260196426	300	18.57061179905625	0.0	138313	2343.771892457974	0.005965284537523985	0.3
235.9925687227272	300	20.9101156782933	0.0	143509	1660.4961207629458	0.014340548776090145	0.3
237.4948360962496	300	23.40784830477092	0.0	150616	1502.2673735223848	0.3317751884460449	0.3
240.89091178769507	750	24.011772613325448	0.0	405596	3396.0756914454737	0.2749587297439575	0.3
243.6279787672123	750	25.27470563380822	0.0	350713	2737.0669795172266	0.004705176223069429	0.75
247.83578812185115	750	25.066896279169377	0.0	386472	4207.809354638845	0.005360701121389866	0.75
253.7749596179181	750	23.127724783102416	0.0	399894	5939.171496066963	0.004705176223069429	0.75
259.3888232483736	750	21.513861152646932	0.0	401853	5613.863630455481	0.004732830449938774	0.75
263.5847478786483	750	21.317936522372285	0.0	343800	4195.924630274648	0.005740690976381302	0.75
267.9426647388168	750	20.96001966220379	0.0	359903	4357.916860168495	0.004705176223069429	0.75
272.05420848876247	750	20.848475912258074	0.0	379700	4111.54374994572	0.004705176223069429	0.75
276.85287140752547	750	20.049812993495085	0.0	425781	4798.66291876299	0.004705176223069429	0.75
280.4155872302356	750	20.48709717078501	0.0	277716	3562.7158227100754	0.005569029599428177	0.75
286.87199253807444	750	18.030691862946135	0.0	400396	6456.405307838876	0.004871259443461895	0.75
292.9939022237604	750	15.90878217726013	0.0	400508	6121.909685686006	0.6839559674263	0.75
295.1058928086675	300	17.796791592353088	0.0	157421	2111.99058490704	0.4009256958961487	-0.15000000000000002
297.38492785108417	300	19.51775654993643	0.0	157488	2279.035042416663	0.0399995893239975	0.3
299.4312636172413	300	21.471420783779323	0.0	143881	2046.335766157107	0.245711550116539	0.3
305.0379405838586	750	19.864743817162037	0.0	412837	5606.676966617284	0.6054701805114746	0.3
310.4700802257896	750	18.43260417523098	0.0	401088	5432.139641931056	0.015132460743188858	0.75
317.0184911933683	750	15.884193207652357	0.0	365161	6548.410967578626	0.031066738069057465	0.75
319.61769415645466	300	17.28499024456598	0.0	131610	2599.202963086377	0.576758861541748	-0.15000000000000002
322.22782136207644	300	18.674863038944174	0.0	124011	2610.1272056218054	0.12270428240299225	0.3
325.6179946985481	300	19.284689702472512	0.0	144254	3390.173336471664	0.632718563079834	0.3
334.255283256161	750	14.647401144859582	0.0	390680	8637.288557612928	0.6961869597434998	0.3
337.565835652774	300	15.336848748246597	0.0	147968	3310.552396612985	0.0184653140604496	-0.15000000000000002
341.37910160891676	300	15.523582792103861	0.0	161857	3813.2659561427363	0.014259133487939835	0.3
344.99884041959785	300	15.90384398142279	0.0	145210	3619.738810681073	0.02947051450610161	0.3
349.61368529746244	300	15.288999103558206	0.0	172312	4614.844877864584	0.2377501279115677	0.3
354.2367565522691	300	14.66592784875153	0.0	167025	4623.071254806677	0.06006346642971039	0.3
358.0404912679666	300	14.862193133053992	0.0	160064	3803.7347156975375	0.02057209610939026	0.3
360.5724062618802	300	16.33027813914043	0.0	137507	2531.9149939135646	0.38412389159202576	0.3
365.4351176332262	750	15.467566767794382	0.0	314107	4862.711371346047	0.131090447306633	0.3

