11490.447241333592	750	4.0	0.8872836624630916	450283	887.2836624630917	-1.000000082240371e-09	-3.065319748591294
11490.827024956594	300	7.620216376998051	0.0	155580	379.78362300194965	-1.000000082240371e-09	-0.15000000000000002
11491.594005263025	750	10.853236070566433	0.0	350812	766.9803064316163	-1.000000082240371e-09	0.3
11492.902393643999	1200	13.544847689592281	0.0	617681	1308.388380974153	-1.000000082240371e-09	0.75
11496.12761441489	2850	14.319626918701006	0.0	1472558	3225.2207708912756	-1.000000082240371e-09	1.2000000000000002
11498.575090956607	2850	15.872150376985378	0.0	1224260	2447.4765417156277	-1.000000082240371e-09	2.85
11502.961397792868	4300	15.485843540723323	0.0	2157535	4386.306836262055	-1.000000082240371e-09	2.8499999999999996
11507.99671202171	4300	14.450529311881008	0.0	2290172	5035.314228842314	-1.000000082240371e-09	4.3
11511.106939160547	2850	15.340302173044606	0.0	1348011	3110.2271388364015	-1.000000082240371e-09	1.4000000000000001
11516.26717043565	4300	14.180070897939792	0.0	2169201	5160.231275104812	-1.000000082240371e-09	2.8499999999999996
11519.820090919095	2850	14.627150414495198	0.0	1354548	3552.9204834445954	-1.000000082240371e-09	1.4000000000000001
11523.274692295417	2850	15.172549038172614	0.0	1519951	3454.6013763225837	-1.000000082240371e-09	2.85
11534.292328893493	4300	8.154912440098625	0.0	2209463	11017.636598073988	-1.000000082240371e-09	2.8499999999999996
11542.089927278077	750	4.357314055512755	0.0	434409	7797.598384585871	-1.000000082240371e-09	-2.8
11543.893818319386	300	6.553423014204594	0.0	140051	1803.8910413081605	-1.000000082240371e-09	-0.15000000000000002
11545.822366528895	300	8.624874804695606	0.0	138313	1928.548209508989	-1.000000082240371e-09	0.3
11548.865784424679	750	9.581456908910953	0.0	360831	3043.4178957846525	-1.000000082240371e-09	0.3
11550.690895533466	1200	11.756345800124542	0.0	581493	1825.1111087864124	-1.000000082240371e-09	0.75
11553.30171436361	1850	13.14552696997873	0.0	987708	2610.8188301458104	-1.000000082240371e-09	1.2000000000000002
11557.203718357347	2850	13.243522976241692	0.0	1336050	3902.003993737039	-1.000000082240371e-09	1.85
11561.497339330379	2850	12.949902003208921	0.0	1415116	4293.620973032771	-1.000000082240371e-09	2.85
11564.051505737023	1850	14.395735596565261	0.0	955231	2554.1664066436606	-1.000000082240371e-09	0.8500000000000001
11568.807933617394	2850	13.639307716194555	0.0	1505760	4756.427880370707	-1.000000082240371e-09	1.85
11575.935461456542	2850	10.5117798770472	0.0	1323990	7127.527839147354	-1.000000082240371e-09	2.85
11578.376471538348	1200	12.070769795239585	0.0	587236	2441.0100818076153	-1.000000082240371e-09	-0.44999999999999996
11581.152647453822	1850	13.294593879765545	0.0	905935	2776.175915474039	-1.000000082240371e-09	1.2000000000000002
11586.088599313855	2850	12.358642019732455	0.0	1547572	4935.951860033091	-1.000000082240371e-09	1.85
11589.161872599328	1850	13.285368734260615	0.0	758197	3073.2732854718392	-1.000000082240371e-09	0.8500000000000001
11594.312632889783	2850	12.134608443806112	0.0	1498470	5150.760290454503	-1.000000082240371e-09	1.85
11597.415010129109	1850	13.032231204479602	0.0	975811	3102.3772393265103	-1.000000082240371e-09	0.8500000000000001
11601.923010138225	2850	12.524231195363209	0.0	1341201	4508.000009116392	-1.000000082240371e-09	1.85
11604.210523555927	1850	14.236717777661683	0.0	954453	2287.5134177015266	-1.000000082240371e-09	0.8500000000000001
11607.339861101034	2850	15.107380232553012	0.0	1358081	3129.3375451086695	-1.000000082240371e-09	1.85
11612.434698112378	4300	14.012543221210395	0.0	2286761	5094.837011342617	-1.000000082240371e-09	2.8499999999999996
11615.895090728138	2850	14.552150605450143	0.0	1492672	3460.3926157602527	-1.000000082240371e-09	1.4000000000000001
11619.338273939244	2850	15.108967394342852	0.0	1439896	3443.183211107291	-1.000000082240371e-09	2.85
11623.690423280888	4300	14.756818052697245	0.0	1919781	4352.149341645607	-1.000000082240371e-09	2.8499999999999996
11627.08379266908	2850	15.363448664505569	0.0	1499009	3393.3693881916756	-1.000000082240371e-09	1.4000000000000001
11631.791199869433	4300	14.656041464153233	0.0	2133870	4707.407200352335	-1.000000082240371e-09	2.8499999999999996
11634.931683136268	2850	15.515558197319065	0.0	1402287	3140.483266834169	-1.000000082240371e-09	1.4000000000000001
11639.552431450382	4300	14.894809883204841	0.0	2108491	4620.748314114221	-1.000000082240371e-09	2.8499999999999996
11643.421422448659	2850	15.025818884927347	0.0	1527299	3868.9909982774943	-1.000000082240371e-09	1.4000000000000001
11649.342968560757	4300	13.104272772830114	0.0	2121928	5921.546112097231	-1.000000082240371e-09	2.8499999999999996
11652.744566228996	2850	13.702675104591428	0.0	1587250	3401.5976682386868	-1.000000082240371e-09	1.4000000000000001
11655.768217629815	2850	14.679023703771488	0.0	1464921	3023.651400819939	-1.000000082240371e-09	2.85
11658.592992284186	2850	15.854249049400474	0.0	1483527	2824.774654371014	-1.000000082240371e-09	2.85
11662.911227191971	4300	15.53601414161508	0.0	1961140	4318.234907785395	-1.000000082240371e-09	2.8499999999999996
11667.589087349741	4300	14.858153983845249	0.0	2155012	4677.860157769833	-1.000000082240371e-09	4.3

