5.84241140162946	750	4.0	5.84241140162946	450283	5842.41140162946	0.5	-24.372369027006677
7.575692147360662	300	6.266719254268797	0.0	155580	1733.2807457312028	0.004705176223069429	-0.15000000000000002
8.776980216440814	300	9.065431185188647	0.0	139857	1201.2880690801505	0.004705176223069429	0.3
10.078194191227682	300	11.76421721040178	0.0	155432	1301.2139747868682	0.004705176223069429	0.3
11.418262368114945	300	14.424149033514515	0.0	163442	1340.0681768872635	0.009593009017407894	0.3
12.425154664647076	300	17.417256736982385	0.0	126289	1006.8922965321307	0.47365766763687134	0.3
13.608665312184822	300	20.233746089444637	0.0	153295	1183.5106475377472	0.686718225479126	0.3
16.548411166907247	750	21.294000234722212	0.0	437162	2939.7458547224255	0.25755956768989563	0.3
19.123154826464166	750	22.719256575165296	0.0	374758	2574.7436595569166	0.0486040823161602	0.75
21.412787153723503	750	24.429624247905956	0.0	362795	2289.6323272593386	0.11894755810499191	0.75
23.589778564887887	750	26.252632836741572	0.0	353220	2176.9914111643825	0.2874598205089569	0.75
25.96574643909323	750	27.87666496253623	0.0	405134	2375.967874205345	0.5110504627227783	0.75
28.581410691458945	750	29.261000710170514	0.0	386351	2615.6642523657183	0.6967748403549194	0.75
31.24360105399929	750	30.59881034763017	0.0	434409	2662.190362540343	0.5539658665657043	0.75
34.152506421023666	1200	31.689904980605792	0.0	526950	2908.9053670243766	0.6889547109603882	0.75
38.15950925416396	1200	31.682902147465498	0.0	587876	4007.002833140293	0.004850249737501144	1.2
46.35185017578591	1200	27.490561225843546	0.0	617242	8192.340921621952	0.009125367738306522	1.2
51.195749487314785	750	26.64666191431467	0.0	372963	4843.899311528876	0.16221065819263458	0.3
58.83603306331068	750	23.00637833831878	0.0	405596	7640.283575995891	0.004705176223069429	0.75
63.600109654549804	750	22.24230174707965	0.0	350713	4764.07659123913	0.006124333944171667	0.75
67.11648541258107	750	22.725925989048395	0.0	386472	3516.375758031257	0.004705176223069429	0.75
71.58052053904572	750	22.26189086258374	0.0	399894	4464.035126464657	0.004705176223069429	0.75
75.41411063067875	750	22.428300770950713	0.0	401853	3833.590091633025	0.004705176223069429	0.75
78.65468283054419	750	23.187728571085273	0.0	343800	3240.57219986544	0.004705176223069429	0.75
81.09830300048633	750	24.744108401143134	0.0	359903	2443.6201699421385	0.004705176223069429	0.75
83.40408622530359	750	26.43832517632587	0.0	379700	2305.7832248172685	0.006689828354865313	0.75
86.05458006270975	750	27.7878313389197	0.0	425781	2650.4938374061658	0.03436771035194397	0.75
87.78951994132323	750	30.052891460306206	0.0	277716	1734.939878613491	0.22163327038288116	0.75
90.79718778914484	750	31.04522361248461	0.0	400396	3007.6678478215995	0.5842624306678772	0.75
93.20540811263913	750	32.63700328899031	0.0	400508	2408.220323494303	0.23002922534942627	0.75
95.98153650426525	1200	33.860874897364184	0.0	570392	2776.128391626118	0.48143836855888367	0.75
99.51428675870335	1200	34.32812464292609	0.0	620283	3532.7502544380923	0.004705176223069429	1.2
104.59975993348797	1200	33.24265146814147	0.0	584349	5085.473174784626	0.004705176223069429	1.2
109.31215497745268	1200	32.53025642417676	0.0	670129	4712.395043964704	0.006685672793537378	1.2
114.7332399641681	1200	31.109171437461324	0.0	690253	5421.084986715439	0.005399888381361961	1.2
119.91669852442035	1200	29.92571287720908	0.0	598727	5183.4585602522475	0.005829683039337397	1.2
123.59871032189574	1200	30.243701079733697	0.0	487812	3682.011797475385	0.0056977770291268826	1.2
127.23321811654634	1200	30.609193285083094	0.0	575591	3634.5077946506017	0.004705176223069429	1.2
131.52719749708535	1200	30.31521390454409	0.0	605884	4293.979380538999	0.004705176223069429	1.2
135.82898753708236	1200	30.013423864547082	0.0	587506	4301.7900399970085	0.004705176223069429	1.2
139.16755025288788	1200	30.674861148741535	0.0	566904	3338.5627158055486	0.004705176223069429	1.2
144.54567395788501	1200	29.29673744374442	0.0	641452	5378.123704997112	0.015216721221804619	1.2
151.28251596300709	1200	26.559895438622352	0.0	599477	6736.842005122067	0.004768413491547108	1.2
156.62403734854405	1200	25.218374053085398	0.0	634861	5341.521385536957	0.006103096064180136	1.2
160.34004973537995	1200	25.502361666249474	0.0	630203	3716.0123868359206	0.004705176223069429	1.2
164.10197821126314	1200	25.740433190366296	0.0	638661	3761.9284758831777	0.045405063778162	1.2
171.11413429242577	2850	22.728277109203685	0.0	1231456	7012.156081162613	0.6968197226524353	1.2000000000000002
184.1802654127489	2850	13.662145988880535	0.0	1364537	13066.13112032315	0.004705176223069429	2.85

