6990.452955913413	750	4.0	3.974865311257283	450283	3974.865311257283	-1.000000082240371e-09	-16.341920838406317
6991.630074936836	300	6.822880976576757	0.0	155580	1177.1190234232433	-1.000000082240371e-09	-0.15000000000000002
6992.512264759788	300	9.94069115362493	0.0	139857	882.1898229518268	-1.000000082240371e-09	0.3
6995.864822217901	1200	10.588133695511662	0.0	617681	3352.5574581132673	-1.000000082240371e-09	0.29999999999999993
6998.8009218793695	1200	11.652034034043133	0.0	652874	2936.0996614685287	-1.000000082240371e-09	1.2
7002.19316356713	1850	12.259792346283076	0.0	801058	3392.2416877600576	-1.000000082240371e-09	1.2000000000000002
7007.611122474078	1850	10.841833439334223	0.0	905515	5417.958906948855	-1.000000082240371e-09	1.85
7010.993780504579	1200	11.459175408832449	0.0	709534	3382.6580305017737	-1.000000082240371e-09	0.5499999999999999
7015.29996738652	1850	11.152988526892106	0.0	852833	4306.186881940343	-1.000000082240371e-09	1.2000000000000002
7019.767669130631	1850	10.685286782780915	0.0	913888	4467.701744111191	-1.000000082240371e-09	1.85
7023.177305879433	1200	11.275650033978403	0.0	607410	3409.6367488025116	-1.000000082240371e-09	0.5499999999999999
7027.816377654637	1850	10.636578258775218	0.0	917428	4639.071775203186	-1.000000082240371e-09	1.2000000000000002
7030.951798300948	1200	11.501157612464162	0.0	624282	3135.4206463110577	-1.000000082240371e-09	0.5499999999999999
7035.390843974051	1850	11.062111939361074	0.0	1036454	4439.045673103088	-1.000000082240371e-09	1.2000000000000002
7039.239054589263	1850	11.213901324149054	0.0	821631	3848.2106152120186	-1.000000082240371e-09	1.85
7044.335229655455	1850	10.117726257957157	0.0	923170	5096.175066191897	-1.000000082240371e-09	1.85
7047.369611808577	1200	11.083344104834788	0.0	617242	3034.38215312237	-1.000000082240371e-09	0.5499999999999999
7051.246746423084	1850	11.206209490328161	0.0	885714	3877.134614506627	-1.000000082240371e-09	1.2000000000000002
7055.0462192838595	1850	11.406736629553114	0.0	987708	3799.472860775047	-1.000000082240371e-09	1.85
7058.1204408195945	1850	12.332515093818081	0.0	923755	3074.2215357350315	-1.000000082240371e-09	1.85
7061.519303283277	1850	12.933652630135006	0.0	891604	3398.862463683076	-1.000000082240371e-09	1.85
7065.453827248377	1850	12.99912866503546	0.0	955231	3934.5239650995472	-1.000000082240371e-09	1.85
7069.220025497243	1850	13.232930416169252	0.0	968026	3766.1982488662084	-1.000000082240371e-09	1.85
7075.9297632512025	2850	10.523192662209977	0.0	1323990	6709.737753959272	-1.000000082240371e-09	1.85
7078.7415415989535	1200	11.711414314458429	0.0	587236	2811.7783477515495	-1.000000082240371e-09	-0.44999999999999996
7082.752974297986	1850	11.699981615425092	0.0	905935	4011.4326990333366	-1.000000082240371e-09	1.2000000000000002
7087.1442027001885	1850	11.308753213223376	0.0	1076599	4391.228402201716	-1.000000082240371e-09	1.85
7095.8385325049885	1850	6.614423408422976	0.0	758197	8694.3298048004	-1.000000082240371e-09	1.85
7096.904662363323	300	9.54829355008839	0.0	153605	1066.129858334584	-1.000000082240371e-09	-1.25
7100.748723035874	1200	9.704232877537516	0.0	641447	3844.0606725508746	-1.000000082240371e-09	0.29999999999999993
7104.459815397361	1200	9.99314051605037	0.0	570392	3711.092361487144	-1.000000082240371e-09	1.2
7107.885506404092	1200	10.567449509319676	0.0	620283	3425.691006730694	-1.000000082240371e-09	1.2
7111.258862184381	1200	11.194093729030708	0.0	584349	3373.355780288968	-1.000000082240371e-09	1.2
7118.153737804388	1850	8.299218109023276	0.0	1035329	6894.875620007433	-1.000000082240371e-09	1.2000000000000002
7121.907741009486	750	8.545214903924801	0.0	401088	3754.0032050984732	-1.000000082240371e-09	-0.3500000000000001
7127.47720394633	750	6.975751967081138	0.0	365161	5569.462936843664	-1.000000082240371e-09	0.75
7129.436369593837	300	9.01658631957333	0.0	131610	1959.1656475078082	-1.000000082240371e-09	-0.15000000000000002
7133.965846379413	1200	8.48710953399696	0.0	575591	4529.4767855763685	-1.000000082240371e-09	0.29999999999999993
7137.010326181142	750	9.442629732268898	0.0	378327	3044.479801728063	-1.000000082240371e-09	0.3
7142.9128090565355	1200	7.540146856875552	0.0	587506	5902.482875393347	-1.000000082240371e-09	0.75
7147.456107262551	750	6.996848650860026	0.0	345516	4543.2982060155255	-1.000000082240371e-09	0.3
7149.169746358196	300	9.283209555214187	0.0	161857	1713.6390956458388	-1.000000082240371e-09	-0.15000000000000002
7154.864874758895	1200	7.5880811545160425	0.0	599477	5695.128400698145	-1.000000082240371e-09	0.29999999999999993
7157.920503077071	750	8.532452836339697	0.0	438281	3055.6283181763447	-1.000000082240371e-09	0.3
7160.44415905388	750	10.00879685953137	0.0	398987	2523.655976808326	-1.000000082240371e-09	0.75
7164.5056179556705	1200	9.947337957740805	0.0	638661	4061.4589017905655	-1.000000082240371e-09	0.75
7168.867751086078	1200	9.585204827333833	0.0	538612	4362.133130406972	-1.000000082240371e-09	1.2
7174.063769687127	1200	8.389186226284465	0.0	550906	5196.018601049367	-1.000000082240371e-09	1.2

