4301.899778521193	750	4.0	6.275717151967713	450283	6275.717151967713	0.08817838877439499	-26.235583753461167
4304.074461239549	300	5.825317281643536	0.0	155580	2174.6827183564637	0.004705176223069429	-0.15000000000000002
4306.160385743949	300	7.7393927772440305	0.0	139857	2085.924504399506	0.004705176223069429	0.3
4310.087351579751	300	7.812426941441434	0.0	155432	3926.9658358025963	0.004705176223069429	0.3
4311.892695569059	300	10.00708295213319	0.0	163442	1805.343989308242	0.004705176223069429	0.3
4313.380201237556	300	12.519577283635904	0.0	126289	1487.5056684972856	0.004705176223069429	0.3
4315.3938609230045	300	14.505917598187823	0.0	153295	2013.6596854480813	0.004705176223069429	0.3
4318.715209726894	300	15.184568794298952	0.0	173849	3321.3488038888718	0.005719936918467283	0.3
4321.458540851698	300	16.441237669495035	0.0	150710	2743.3311248039176	0.004705176223069429	0.3
4323.413466305041	300	18.48631221615171	0.0	139105	1954.9254533433261	0.0061110020615160465	0.3
4325.717897334926	300	20.18188118626581	0.0	141840	2304.4310298859023	0.030549414455890656	0.3
4328.27788129764	300	21.621897223552516	0.0	156148	2559.9839627132924	0.08986915647983551	0.3
4330.493472171937	300	23.406306349255672	0.0	160746	2215.5908742968422	0.4767359495162964	0.3
4335.400966007493	750	22.49881251369983	0.0	434409	4907.493835555845	0.5937110781669617	0.3
4338.651260509741	750	23.248518011450532	0.0	337059	3250.294502249298	0.005060349125415087	0.75
4342.694434961476	750	23.205343559715423	0.0	366214	4043.1744517351053	0.004705176223069429	0.75
4350.148357995502	750	19.75142052568996	0.0	360831	7453.923034025464	0.004705176223069429	0.75
4353.826383313294	300	20.073395207897576	0.0	150616	3678.0253177923832	0.5792028307914734	-0.15000000000000002
4357.173185602478	300	20.72659291871461	0.0	165384	3346.802289182963	0.014303497970104218	0.3
4359.817543547312	300	22.082234973880873	0.0	140881	2644.357944833736	0.04410751536488533	0.3
4362.9730030605815	300	22.92677546061165	0.0	157671	3155.459513269221	0.19574999809265137	0.3
4366.742454874377	300	23.157323646815854	0.0	157812	3769.451813795796	0.3138669729232788	0.3
4370.656972691645	300	23.24280582954725	0.0	163927	3914.517817268604	0.24316293001174927	0.3
4373.790809470628	300	24.10896905056364	0.0	137654	3133.8367789836125	0.15962931513786316	0.3
4376.621157744877	300	25.27862077631515	0.0	146754	2830.348274248487	0.4221937656402588	0.3
4382.82072935937	750	23.07904916182212	0.0	379700	6199.571614493029	0.6165264248847961	0.3
4392.0761935417295	750	17.823584979461796	0.0	425781	9255.464182360325	0.011038728058338165	0.75
4394.507544043053	300	19.39223447813891	0.0	111155	2431.3505013228882	0.004819320049136877	-0.15000000000000002
4397.51743666735	300	20.382341853841382	0.0	153605	3009.89262429753	0.008922724053263664	0.3
4401.435430524797	300	20.464347996393943	0.0	149029	3917.993857447441	0.025965888053178787	0.3
4403.792897216269	300	22.106881304922297	0.0	157421	2357.466691471648	0.02163870446383953	0.3
4405.719488730084	300	24.18028979110696	0.0	157488	1926.591513815333	0.5392137169837952	0.3
4409.27805192691	750	24.62172659428123	0.0	369834	3558.563196825733	0.18871106207370758	0.3
4414.050479084378	750	23.849299436813503	0.0	412837	4772.427157467727	0.004705176223069429	0.75
4420.450587512804	750	21.449191008387032	0.0	401088	6400.1084284264725	0.004705176223069429	0.75
4427.590691140626	750	18.309087380564975	0.0	365161	7140.103627822058	0.005632903426885605	0.75
4432.372656660888	750	17.52712186030348	0.0	321064	4781.965520261498	0.17591586709022522	0.75
4439.623756465761	750	14.276022055430374	0.0	361565	7251.099804873106	0.007497734390199184	0.75
4442.159995409671	300	15.73978311152004	0.0	144254	2536.238943910334	0.252461314201355	-0.15000000000000002
4444.843917178144	300	17.055861343047724	0.0	149991	2683.921768472317	0.07395271211862564	0.3
4447.387594161842	300	18.512184359349593	0.0	147968	2543.67698369813	0.3984718918800354	0.3
4452.563748704062	750	17.33602981712932	0.0	384505	5176.154542220274	0.41176486015319824	0.3
4456.922800005632	750	16.976978515560017	0.0	372093	4359.051301569299	0.004705176223069429	0.75
4461.993413396952	750	15.906365124239882	0.0	438281	5070.613391320138	0.004705176223069429	0.75
4467.034773286206	750	14.865005234986079	0.0	398987	5041.359889253802	0.004705176223069429	0.75
4472.07842397763	750	13.82135454356157	0.0	393804	5043.6506914245065	0.004705176223069429	0.75
4476.7360196643895	750	13.16375885680312	0.0	331053	4657.59568675845	0.004705176223069429	0.75
4481.605615282316	750	12.294163238876703	0.0	314107	4869.595617926418	0.004705176223069429	0.75

