12935.090959418352	750	4.0	5.460500454044817	450283	5460.500454044817	0.004705176223069429	-22.730151952392713
12936.390514043951	300	6.700445374400823	0.0	155580	1299.5546255991767	0.004705176223069429	-0.15000000000000002
12937.528003746926	300	9.562955671427938	0.0	139857	1137.489702972886	0.004705176223069429	0.3
12938.722316108922	300	12.368643309431896	0.0	155432	1194.3123619960415	0.004705176223069429	0.3
12939.91902191202	300	15.171937506333434	0.0	163442	1196.7058030984626	0.05871303007006645	0.3
12942.050641535594	750	17.040317882759663	0.0	318564	2131.6196235737693	0.6935917735099792	0.3
12945.080225198848	750	18.010734219504602	0.0	352642	3029.5836632550604	0.015045725740492344	0.75
12947.95267864327	750	19.138280775082297	0.0	437162	2872.4534444223086	0.006859551649540663	0.75
12950.977289652506	750	20.113669765846865	0.0	374758	3024.611009235432	0.0426999032497406	0.75
12954.069263184267	750	21.021696234086253	0.0	362795	3091.9735317606146	0.02448471263051033	0.75
12956.6340817134	750	22.45687770495134	0.0	353220	2564.8185291349164	0.01650024950504303	0.75
12960.431084197453	750	22.659875220898986	0.0	405134	3797.0024840523524	0.0330854132771492	0.75
12965.613337084538	750	21.477622333813834	0.0	386351	5182.252887085153	0.00770171033218503	0.75
12972.347326381074	750	18.743633037277	0.0	434409	6733.9892965368335	0.004705176223069429	0.75
12976.210796400313	750	18.8801630180375	0.0	337059	3863.4700192394976	0.37948355078697205	0.75
12979.324620050276	750	19.766339368075922	0.0	366214	3113.8236499615787	0.007913995534181595	0.75
12984.18387045098	750	18.907088967373426	0.0	360831	4859.250400702494	0.004705176223069429	0.75
12988.286280358085	750	18.80467906026722	0.0	372963	4102.409907106208	0.02892410010099411	0.75
12993.671918039014	750	17.419041379337628	0.0	405596	5385.63768092959	0.018823537975549698	0.75
12996.386879061625	750	18.70408035672824	0.0	350713	2714.961022609387	0.6552141904830933	0.75
13000.613442923717	750	18.477516494635566	0.0	386472	4226.563862092678	0.005334471818059683	0.75
13007.902308989813	750	15.188650428539114	0.0	399894	7288.866066096451	0.03299376368522644	0.75
13009.727358476031	300	17.3636009423204	0.0	163927	1825.0494862187163	0.00807692389935255	-0.15000000000000002
13010.965499758904	300	20.12545965944782	0.0	137654	1238.1412828725781	0.022664519026875496	0.3
13012.384088048639	300	22.706871369713742	0.0	146754	1418.5882897340787	0.6093656420707703	0.3
13016.251483267411	750	22.839476150940907	0.0	379700	3867.3952187728337	0.15943381190299988	0.3
13020.563284933094	750	22.52767448525902	0.0	425781	4311.801665681887	0.004705176223069429	0.75
13022.622703716854	750	24.468255701498666	0.0	277716	2059.4187837603536	0.004705176223069429	0.75
13025.095746556493	750	25.995212861860324	0.0	400396	2473.042839638345	0.006457865238189697	0.75
13027.555181419482	750	27.53577799887088	0.0	400508	2459.4348629894453	0.034846771508455276	0.75
13029.83746181445	750	29.253497603903842	0.0	358218	2282.2803949670374	0.4727828800678253	0.75
13032.476191811951	750	30.614767606403323	0.0	400322	2638.729997500517	0.6519396305084229	0.75
13035.095869705747	750	31.99508971260824	0.0	369834	2619.6778937950794	0.6940897107124329	0.75
13039.315980808658	1200	31.77497860969627	0.0	670129	4220.111102911973	0.6842378377914429	0.75
13043.993689892486	1200	31.097269525868523	0.0	690253	4677.709083827746	0.005239739548414946	1.2
13047.597546581082	1200	31.49341283727163	0.0	598727	3603.8566885968926	0.004751295782625675	1.2
13050.195320031517	1200	32.89563938683736	0.0	487812	2597.7734504342748	0.004705176223069429	1.2
13055.122620701399	1200	31.96833871695486	0.0	575591	4927.300669882494	0.006510333623737097	1.2
13058.823394186209	1200	32.267565232143056	0.0	605884	3700.7734848118102	0.004705176223069429	1.2
13062.060360316369	1200	33.030599101983604	0.0	587506	3236.966130159451	0.006322410888969898	1.2
13065.293881145613	1200	33.79707827274072	0.0	566904	3233.520829242883	0.07599099725484848	1.2
13069.235435801476	1200	33.85552361687694	0.0	641452	3941.5546558637857	0.4585631191730499	1.2
13072.98226568412	1200	34.108693734232844	0.0	599477	3746.8298826440864	0.6834555864334106	1.2
13078.21678062457	1200	32.87417879378289	0.0	634861	5234.51494044995	0.6025950312614441	1.2
13084.788525111819	1200	30.302434306534227	0.0	630203	6571.744487248668	0.1403966099023819	1.2
13090.893971052199	1200	28.19698836615322	0.0	638661	6105.445940381005	0.006149435881525278	1.2
13095.884640911656	1200	27.20631850669787	0.0	538612	4990.669859455352	0.014433079399168491	1.2
13100.17226743927	1200	26.91869197908239	0.0	550906	4287.62652761548	0.03979621082544327	1.2

