13285.053384791498	750	4.0	5.105653885378062	450283	5105.653885378062	0.004705176223069429	-21.204311707125665
13289.209086531157	300	4.0	0.15570173966025685	155580	4155.701739660257	0.004705176223069429	-0.8195174805391044
13291.665719961125	300	5.543366570032065	0.0	139857	2456.6334299679343	0.004705176223069429	0.3
13292.952149096616	300	8.256937434542367	0.0	155432	1286.4291354896984	0.004705176223069429	0.3
13293.93986894452	300	11.26921758663774	0.0	163442	987.7198479046284	0.004705176223069429	0.3
13294.485596554108	300	14.723489977049944	0.0	126289	545.7276095877967	0.05985075980424881	0.3
13295.909377547941	750	17.299708983215723	0.0	352642	1423.7809938342223	0.14940926432609558	0.3
13299.02357228039	1200	18.185514250768545	0.0	709534	3114.194732447176	0.18614661693572998	0.75
13301.790836297192	1200	19.418250233966443	0.0	584846	2767.2640168021035	0.004705176223069429	1.2
13303.644234701902	1200	21.564851829256508	0.0	560821	1853.3984047099325	0.005427371710538864	1.2
13306.068554751058	1200	23.14053178009854	0.0	607410	2424.320049157967	0.004705176223069429	1.2
13308.122893940847	1200	25.086192590309462	0.0	594078	2054.339189789079	0.004705176223069429	1.2
13310.18227784124	1200	27.02680868991624	0.0	624282	2059.383900393222	0.004705176223069429	1.2
13312.43238755816	1200	28.77669897299544	0.0	687371	2250.109716920801	0.004705176223069429	1.2
13314.133863570663	1200	31.07522296049186	0.0	526950	1701.4760125035789	0.015319457277655602	1.2
13316.131920026579	1200	33.077166504577995	0.0	587876	1998.0564559138654	0.04775480180978775	1.2
13318.15867550979	1200	35.05041102136525	0.0	617242	2026.755483212741	0.07293897867202759	1.2
13320.07564215608	1200	37.13344437507605	0.0	581493	1916.9666462891958	0.480300635099411	1.2
13322.612521766343	1200	38.59656476481246	0.0	639204	2536.879610263591	0.5843570232391357	1.2
13326.145920159606	1200	39.06316637154838	0.0	586839	3533.3983932640904	0.6268949508666992	1.2
13328.657623485604	1200	40.55146304555039	0.0	601738	2511.7033259979826	0.03908480703830719	1.2
13330.713312430233	1200	42.495774100921324	0.0	616206	2055.6889446290734	0.18583206832408905	1.2
13336.013913366442	2850	41.195173164712834	0.0	1505760	5300.6009362084915	0.6536338329315186	1.2000000000000002
13342.377576215258	2850	38.831510315895876	0.0	1323990	6363.662848816956	0.004705176223069429	2.85
13353.447841272797	2850	31.761245258356528	0.0	1383735	11070.265057539345	0.004705176223069429	2.85
13358.307403076748	1200	30.90168345440694	0.0	590335	4859.56180394959	0.6057286262512207	-0.44999999999999996
13365.254653608417	1200	27.954432922737897	0.0	696376	6947.2505316690385	0.005364780779927969	1.2
13371.947784574966	1200	25.261301956187435	0.0	487160	6693.130966550463	0.031044691801071167	1.2
13378.135303246081	1200	23.07378328507258	0.0	622896	6187.518671114857	0.4282597601413727	1.2
13384.145274149134	1200	21.06381238201935	0.0	641447	6009.97090305323	0.6342594623565674	1.2
13387.650075163208	750	21.559011367945637	0.0	358218	3504.8010140737133	0.43798932433128357	0.3
13390.735522412588	750	22.473564118566575	0.0	400322	3085.447249379063	0.0049370345659554005	0.75
13394.559145124582	750	22.64994140657188	0.0	369834	3823.6227119946916	0.007207408547401428	0.75
13398.054376362796	750	23.154710168359866	0.0	412837	3495.231238212015	0.004705176223069429	0.75
13401.08779483871	750	24.12129169244482	0.0	401088	3033.4184759150453	0.006370204500854015	0.75
13404.50960328973	750	24.699483241423813	0.0	365161	3421.8084510210097	0.022047217935323715	0.75
13407.014690437893	750	26.194396093261858	0.0	321064	2505.0871481619556	0.04632867872714996	0.75
13409.195802341774	750	28.01328418938004	0.0	361565	2181.111903881819	0.31660810112953186	0.75
13415.172535797108	1200	26.03655073404629	0.0	605884	5976.733455333749	0.26217710971832275	0.75
13422.068388297437	1200	23.140698233716833	0.0	587506	6895.852500329455	0.042484283447265625	1.2
13428.101991841182	1200	21.107094689971987	0.0	566904	6033.603543744848	0.3645930290222168	1.2
13432.316424234741	1200	20.892662296413636	0.0	641452	4214.43239355835	0.3488965928554535	1.2
13437.350790940452	1200	19.858295590702465	0.0	599477	5034.366705711172	0.005302421748638153	1.2
13443.043388935246	1200	18.165697595908693	0.0	634861	5692.597994793774	0.009040290489792824	1.2
13447.78260116271	1200	17.426485368444883	0.0	630203	4739.212227463811	0.04627938196063042	1.2
13457.11678929474	1200	12.092297236413838	0.0	638661	9334.188132031044	0.017041316255927086	1.2
13460.754495912055	750	12.454590619100266	0.0	331053	3637.706617313573	0.018257511779665947	0.3
13464.054936195487	750	13.154150335668454	0.0	314107	3300.44028343181	0.024020636454224586	0.75

