6041.319903692196	750	4.0	1.4342768133466879	450283	1434.276813346688	-1.000000082240371e-09	-5.4173902973907575
6041.866439352779	300	7.453464339417617	0.0	155580	546.5356605823825	-1.000000082240371e-09	-0.15000000000000002
6043.1546011724195	750	10.165302519776851	0.0	350812	1288.161819640765	-1.000000082240371e-09	0.3
6045.400908844437	1200	11.918994847758292	0.0	617681	2246.307672018561	-1.000000082240371e-09	0.75
6048.950677618021	1850	12.36922607417511	0.0	996749	3549.7687735831805	-1.000000082240371e-09	1.2000000000000002
6052.535239616547	1850	12.784664075648642	0.0	801058	3584.561998526467	-1.000000082240371e-09	1.85
6056.668338969323	1850	12.651564722872395	0.0	905515	4133.0993527762475	-1.000000082240371e-09	1.85
6063.755534215312	1850	9.564369476883385	0.0	1060487	7087.195245989011	-1.000000082240371e-09	1.85
6068.091770755402	1200	9.228132936792765	0.0	584846	4336.236540090621	-1.000000082240371e-09	0.5499999999999999
6070.310130440177	1200	11.0097732520172	0.0	560821	2218.3596847755643	-1.000000082240371e-09	1.2
6074.118147785012	1850	11.201755907181946	0.0	939819	3808.0173448352534	-1.000000082240371e-09	1.2000000000000002
6078.786992746859	1850	10.532910945335557	0.0	917428	4668.84496184639	-1.000000082240371e-09	1.85
6082.8064029553025	1200	10.513500736892503	0.0	624282	4019.4102084430533	-1.000000082240371e-09	0.5499999999999999
6086.536805604518	1200	10.783098087676317	0.0	687371	3730.4026492161856	-1.000000082240371e-09	1.2
6088.858008788798	1200	12.461894903396265	0.0	526950	2321.203184280051	-1.000000082240371e-09	1.2
6093.515273599637	1850	11.804630092557279	0.0	923170	4657.264810838985	-1.000000082240371e-09	1.2000000000000002
6098.033008007126	1850	11.28689568506776	0.0	966699	4517.73440748952	-1.000000082240371e-09	1.85
6107.306998494952	1850	6.012905197241771	0.0	885714	9273.99048782599	-1.000000082240371e-09	1.85
6109.841348585483	300	7.4785551067110125	0.0	165384	2534.3500905307583	-1.000000082240371e-09	-1.25
6114.402135331852	750	6.9177683603416495	0.0	350713	4560.786746369363	-1.000000082240371e-09	0.3
6116.330946947391	300	8.988956744804131	0.0	157671	1928.8116155375199	-1.000000082240371e-09	-0.15000000000000002
6120.426061717591	750	8.893841974603218	0.0	399894	4095.1147702009134	-1.000000082240371e-09	0.3
6123.7726399525	750	9.54726373969373	0.0	401853	3346.5782349094884	-1.000000082240371e-09	0.75
6128.081462502285	1200	9.23844118990871	0.0	536667	4308.822549785018	-1.000000082240371e-09	0.75
6131.583771885964	1200	9.736131806229888	0.0	587236	3502.309383678823	-1.000000082240371e-09	1.2
6133.538948041224	1200	11.780955650969641	0.0	590335	1955.1761552602463	-1.000000082240371e-09	1.2
6136.897008601891	1850	12.422895090302664	0.0	1076599	3358.060560666977	-1.000000082240371e-09	1.2000000000000002
6139.829558627182	1850	13.490345065010766	0.0	758197	2932.550025291898	-1.000000082240371e-09	1.85
6144.530402876505	2850	12.789500815688738	0.0	1498470	4700.844249322029	-1.000000082240371e-09	1.85
6147.636131598254	1850	13.683772093939501	0.0	975811	3105.7287217492367	-1.000000082240371e-09	0.8500000000000001
6154.589074995868	2850	10.730828696325764	0.0	1341201	6952.943397613738	-1.000000082240371e-09	1.85
6158.203960692843	1200	11.115942999350912	0.0	620283	3614.8856969748513	-1.000000082240371e-09	-0.44999999999999996
6161.332280216476	1850	11.987623475717653	0.0	885062	3128.319523633257	-1.000000082240371e-09	1.2000000000000002
6167.159750059733	1850	10.16015363246161	0.0	1035329	5827.4698432560435	-1.000000082240371e-09	1.85
6170.8309359283885	1200	10.488967763804954	0.0	690253	3671.185868656655	-1.000000082240371e-09	0.5499999999999999
6174.442818960166	1200	10.87708473202774	0.0	598727	3611.8830317772163	-1.000000082240371e-09	1.2
6176.542375316376	1200	12.777528375817022	0.0	487812	2099.5563562107172	-1.000000082240371e-09	1.2
6180.119281540936	1850	13.200622151256782	0.0	938587	3576.906224560239	-1.000000082240371e-09	1.2000000000000002
6186.081063196937	2850	11.238840495256293	0.0	1427478	5961.781656000491	-1.000000082240371e-09	1.85
6190.132851781472	1850	11.187051910721014	0.0	930577	4051.78858453528	-1.000000082240371e-09	0.8500000000000001
6193.738687927178	1850	11.581215765014846	0.0	858450	3605.836145706168	-1.000000082240371e-09	1.85
6198.488642605496	1850	10.831261086696292	0.0	1025005	4749.954678318553	-1.000000082240371e-09	1.85
6204.487727079398	1200	8.832176612795127	0.0	599477	5999.084473901166	-1.000000082240371e-09	0.5499999999999999
6208.812938645102	750	8.506965047091368	0.0	438281	4325.211565703759	-1.000000082240371e-09	0.3
6210.935936643465	750	10.383967048729238	0.0	398987	2122.9979983621306	-1.000000082240371e-09	0.75
6213.490701057351	1200	11.829202634843407	0.0	638661	2554.7644138858304	-1.000000082240371e-09	0.75
6216.591455994382	1850	12.728447697810843	0.0	830730	3100.754937032564	-1.000000082240371e-09	1.2000000000000002
6219.914841834122	1850	13.405061858070898	0.0	846370	3323.385839739945	-1.000000082240371e-09	1.85

