21553.252820137903	750	4.0	2.5585548523374078	450283	2558.5548523374077	0.22674739360809326	-10.251785865050852
21554.18426772428	300	7.068552413622195	0.0	155580	931.447586377805	0.5267393589019775	-0.15000000000000002
21555.30174114414	300	9.951078993763625	0.0	139857	1117.4734198585697	0.01536388136446476	0.3
21556.48637062455	300	12.766449513354768	0.0	155432	1184.6294804088575	0.03763924911618233	0.3
21557.62725629773	300	15.625563840173015	0.0	163442	1140.885673181753	0.5745955109596252	0.3
21559.78979224194	750	17.46302789596362	0.0	318564	2162.535944209395	0.347533255815506	0.3
21562.16014857291	750	19.09267156499063	0.0	352642	2370.356330972986	0.17375929653644562	0.75
21564.229505157226	750	21.023314980677057	0.0	437162	2069.3565843135757	0.1648191660642624	0.75
21567.744117701895	1200	21.50870243600752	0.0	584846	3514.6125446695346	0.2892017066478729	0.75
21571.372373156435	1200	21.880446981465447	0.0	560821	3628.255454542075	0.009861383587121964	1.2
21574.860100834943	1200	22.392719302958103	0.0	607410	3487.727678507346	0.03696097806096077	1.2
21578.17588679567	1200	23.076933342233016	0.0	594078	3315.785960725088	0.028742831200361252	1.2
21582.287390116653	1200	22.965430021248505	0.0	624282	4111.503320984512	0.010313792154192924	1.2
21588.842291150184	1200	20.41052898772022	0.0	687371	6554.901033528284	0.031888000667095184	1.2
21591.5678618357	750	21.684958302198858	0.0	337059	2725.5706855213593	0.5753536820411682	0.3
21594.181153569032	750	23.07166656886957	0.0	366214	2613.2917333292844	0.0322478748857975	0.75
21597.295983179814	750	23.95683695808736	0.0	360831	3114.829610782208	0.054265402257442474	0.75
21602.906114644444	750	22.346705493457254	0.0	372963	5610.131464630108	0.02618059329688549	0.75
21609.82221790738	750	19.430602230525526	0.0	405596	6916.103262931731	0.004705176223069429	0.75
21613.52877313659	750	19.724047001311153	0.0	350713	3706.555229214374	0.3669196367263794	0.75
21616.912825050153	750	20.339995087748893	0.0	386472	3384.05191356226	0.0051002600230276585	0.75
21620.920553219938	750	20.33226691796355	0.0	399894	4007.7281697853387	0.004705176223069429	0.75
21625.461038076468	750	19.791782061433782	0.0	401853	4540.48485652977	0.004705176223069429	0.75
21628.24367788856	750	21.009142249340336	0.0	343800	2782.6398120934446	0.0070340391248464584	0.75
21631.77250044718	750	21.480319690722748	0.0	359903	3528.8225586175918	0.004705176223069429	0.75
21635.615589652603	750	21.637230485301266	0.0	379700	3843.0892054214805	0.004705176223069429	0.75
21639.970446150906	750	21.282373986997815	0.0	425781	4354.856498303447	0.004705176223069429	0.75
21642.943429055587	750	22.30939108231946	0.0	277716	2972.982904678355	0.004705176223069429	0.75
21647.803347034624	750	21.449473103283214	0.0	400396	4859.917979036249	0.004705176223069429	0.75
21651.435400259317	750	21.817419878588275	0.0	400508	3632.0532246949388	0.004705176223069429	0.75
21654.43482607265	750	22.81799406525062	0.0	358218	2999.4258133376566	0.004705176223069429	0.75
21659.0661897479	750	22.186630390002254	0.0	400322	4631.363675248366	0.005168866831809282	0.75
21663.27237360597	750	21.980446531930852	0.0	369834	4206.183858071402	0.004705176223069429	0.75
21666.993207468364	750	22.25961266953744	0.0	412837	3720.8338623934105	0.004705176223069429	0.75
21672.56657043168	750	20.68624970621948	0.0	401088	5573.362963317958	0.004705176223069429	0.75
21676.773725899755	750	20.479094238145073	0.0	365161	4207.155468074408	0.004705176223069429	0.75
21679.561834710978	750	21.690985426923785	0.0	321064	2788.108811221288	0.004705176223069429	0.75
21682.140411518358	750	23.11240861954241	0.0	361565	2578.576807381376	0.011011462658643723	0.75
21684.719791747157	750	24.53302839074377	0.0	378327	2579.3802287986405	0.19701288640499115	0.75
21687.61464376932	750	25.638176368581107	0.0	390680	2894.852022162663	0.6947034597396851	0.75
21691.77101280383	1200	25.481807334071892	0.0	566904	4156.369034509213	0.613391637802124	0.75
21696.200131496716	1200	25.052688641186027	0.0	641452	4429.118692885865	0.005422524642199278	1.2
21701.680915487483	1200	23.57190465041998	0.0	599477	5480.783990766044	0.004705176223069429	1.2
21706.924645268355	1200	22.328174869548807	0.0	634861	5243.729780871174	0.007055419962853193	1.2
21712.376186053156	1200	20.876634084745486	0.0	630203	5451.540784803322	0.004817315377295017	1.2
21717.904256494596	1200	19.34856364330466	0.0	638661	5528.070441440826	0.004879384767264128	1.2
21725.586418735067	1200	15.66640140283239	0.0	538612	7682.162240472269	0.0054785022512078285	1.2
21730.485222021718	1200	14.767598116183992	0.0	550906	4898.8032866484	0.576235830783844	1.2

