8503.447500744822	750	4.0	2.993897582587049	450283	2993.897582587049	-1.000000082240371e-09	-12.12375960512431
8504.995748593987	300	6.451752150834994	0.0	155580	1548.247849165005	-1.000000082240371e-09	-0.15000000000000002
8505.637905201902	300	9.809595542918126	0.0	139857	642.1566079168676	-1.000000082240371e-09	0.3
8508.061132288387	1200	11.386368456433708	0.0	617681	2423.22708648442	-1.000000082240371e-09	0.29999999999999993
8510.94017466007	1850	12.50732608475011	0.0	996749	2879.0423716835976	-1.000000082240371e-09	1.2000000000000002
8513.541712554563	1850	13.905788190257914	0.0	801058	2601.5378944921963	-1.000000082240371e-09	1.85
8517.616248681716	2850	13.831252063106852	0.0	1388403	4074.5361271510606	-1.000000082240371e-09	1.85
8522.937241712014	2850	12.510259032809078	0.0	1638769	5320.993030297775	-1.000000082240371e-09	2.85
8525.63603147184	1850	13.811469272980402	0.0	852833	2698.7897598286754	-1.000000082240371e-09	0.8500000000000001
8530.654643634038	2850	12.79285711078359	0.0	1429765	5018.6121621968105	-1.000000082240371e-09	1.85
8534.03522927623	1850	13.412271468591717	0.0	939819	3380.585642191875	-1.000000082240371e-09	0.8500000000000001
8540.095472860728	2850	11.352027884093662	0.0	1519951	6060.243584498055	-1.000000082240371e-09	1.85
8543.929344074231	1850	11.518156670591987	0.0	946851	3833.871213501675	-1.000000082240371e-09	0.8500000000000001
8548.26191411752	1850	11.185586627301062	0.0	1036454	4332.570043290924	-1.000000082240371e-09	1.85
8551.169606229249	1850	12.277894515571722	0.0	821631	2907.6921117293396	-1.000000082240371e-09	1.85
8554.608730040389	1850	12.838770704433573	0.0	923170	3439.1238111381504	-1.000000082240371e-09	1.85
8558.507921264638	1850	12.939579480184086	0.0	966699	3899.1912242494877	-1.000000082240371e-09	1.85
8561.87724746992	1850	13.570253274901004	0.0	885714	3369.326205283082	-1.000000082240371e-09	1.85
8568.428852814566	2850	11.01864793025544	0.0	1537156	6551.6053446455635	-1.000000082240371e-09	1.85
8572.199913154873	1850	11.24758758994965	0.0	923755	3771.0603403057908	-1.000000082240371e-09	0.8500000000000001
8575.802079207519	1850	11.645421537302918	0.0	891604	3602.166052646731	-1.000000082240371e-09	1.85
8579.80849463866	1850	11.639006106161338	0.0	955231	4006.415431141581	-1.000000082240371e-09	1.85
8584.00796417017	1850	11.439536574651887	0.0	968026	4199.4695315094505	-1.000000082240371e-09	1.85
8588.79458298997	1850	10.6529177548533	0.0	874175	4786.6188197985875	-1.000000082240371e-09	1.85
8592.495019938193	1200	10.95248080663029	0.0	587236	3700.4369482230118	-1.000000082240371e-09	0.5499999999999999
8596.36447718432	1200	11.08302356050348	0.0	590335	3869.4572461268067	-1.000000082240371e-09	1.2
8602.049570285186	1850	9.39793045963768	0.0	1076599	5685.093100865802	-1.000000082240371e-09	1.2000000000000002
8605.02239431358	1200	10.425106431242897	0.0	487160	2972.8240283947816	-1.000000082240371e-09	0.5499999999999999
8610.343782716667	1200	9.103718028157276	0.0	622896	5321.38840308562	-1.000000082240371e-09	1.2
8615.727697961209	1200	7.719802783615721	0.0	641447	5383.915244541555	-1.000000082240371e-09	1.2
8617.166610827668	750	10.2808899171579	0.0	358218	1438.912866457823	-1.000000082240371e-09	0.3
8619.396690844167	1200	12.050809900659234	0.0	620283	2230.0800164986667	-1.000000082240371e-09	0.75
8622.894041504947	1850	12.553459239878727	0.0	885062	3497.350660780507	-1.000000082240371e-09	1.2000000000000002
8626.93984165769	1850	12.50765908713671	0.0	1035329	4045.8001527420165	-1.000000082240371e-09	1.85
8631.360038507812	1850	12.08746223701354	0.0	1026056	4420.19685012317	-1.000000082240371e-09	1.85
8635.67073121578	1850	11.776769529046188	0.0	943942	4310.692707967351	-1.000000082240371e-09	1.85
8638.31232358642	1850	13.13517715840436	0.0	728962	2641.5923706418293	-1.000000082240371e-09	1.85
8644.234892040322	2850	11.212608704503184	0.0	1499009	5922.568453901176	-1.000000082240371e-09	1.85
8648.317251869112	1850	11.13024887571255	0.0	908665	4082.359828790633	-1.000000082240371e-09	0.8500000000000001
8652.987791626983	1850	10.459709117839743	0.0	930577	4670.539757872806	-1.000000082240371e-09	1.85
8655.284890515779	1200	12.162610229045429	0.0	566904	2297.098888794316	-1.000000082240371e-09	0.5499999999999999
8659.290434312705	1850	12.157066432119171	0.0	1025005	4005.5437969262584	-1.000000082240371e-09	1.2000000000000002
8662.934078550164	1850	12.51342219466084	0.0	886255	3643.6442374583294	-1.000000082240371e-09	1.85
8666.072627918918	1850	13.374872825907255	0.0	973972	3138.5493687535845	-1.000000082240371e-09	1.85
8671.624244543636	2850	11.823256201188016	0.0	1464921	5551.61662471924	-1.000000082240371e-09	1.85
8675.414425152481	1850	12.033075592343602	0.0	982064	3790.180608844414	-1.000000082240371e-09	0.8500000000000001
8678.336044329946	1850	13.111456414876619	0.0	830730	2921.619177466985	-1.000000082240371e-09	1.85
8684.085655592213	2850	11.361845152610234	0.0	1364537	5749.611262266384	-1.000000082240371e-09	1.85

