19944.74266380819	750	4.0	2.2982937896467757	450283	2298.2937896467756	0.004705176223069429	-9.132663295481136
19946.79685919281	750	5.94580461537696	0.0	398865	2054.19538462304	0.6303743124008179	0.75
19948.13687027205	750	8.60579353613712	0.0	350812	1340.0110792398405	0.49307072162628174	0.75
19950.479332884992	1200	10.263330923196431	0.0	617681	2342.46261294069	0.4193339943885803	0.75
19952.762116436646	1200	11.980547371544203	0.0	652874	2282.783551652228	0.004705176223069429	1.2
19954.360785157376	1200	14.381878650814947	0.0	520315	1598.6687207292548	0.004705176223069429	1.2
19956.12112654132	1200	16.621537266869527	0.0	561791	1760.3413839454226	0.004705176223069429	1.2
19958.35706989228	1200	18.385593915909258	0.0	709534	2235.943350960266	0.004705176223069429	1.2
19960.36511390537	1200	20.377549902819332	0.0	584846	2008.044013089927	0.004705176223069429	1.2
19962.46646165719	1200	22.276202151001343	0.0	560821	2101.3477518179907	0.004705176223069429	1.2
19964.925211393114	1200	23.81745241507555	0.0	607410	2458.7497359257927	0.004705176223069429	1.2
19968.02098079086	1200	24.721683017329248	0.0	594078	3095.769397746302	0.004705176223069429	1.2
19970.749106987405	1200	25.993556820784054	0.0	624282	2728.126196545193	0.004705176223069429	1.2
19973.143257386026	1200	27.599406422163195	0.0	687371	2394.1503986208577	0.004705176223069429	1.2
19974.781674455837	1200	29.96098935235331	0.0	526950	1638.4170698098862	0.005422674119472504	1.2
19976.61816688476	1200	32.12449692342873	0.0	587876	1836.4924289245841	0.022649070248007774	1.2
19978.45014957278	1200	34.29251423540918	0.0	617242	1831.9826880195428	0.07278448343276978	1.2
19980.31897370818	1200	36.42369010000979	0.0	581493	1868.8241353993876	0.3626019358634949	1.2
19982.610691341964	1200	38.13197246622801	0.0	639204	2291.7176337817855	0.463873028755188	1.2
19984.602664912793	1200	40.139998895395465	0.0	586839	1991.973570832542	0.614802896976471	1.2
19989.195709531698	2850	39.54695427649068	0.0	1415116	4593.044618904783	0.5071478486061096	1.2000000000000002
19994.80030571776	2850	37.9423580904302	0.0	1468126	5604.5961860604775	0.004705176223069429	2.85
20000.400146074557	2850	36.342517733631816	0.0	1505760	5599.8403567983805	0.004705176223069429	2.85
20004.98095408542	2850	35.761709722769474	0.0	1323990	4580.808010862344	0.004705176223069429	2.85
20009.468570071844	2850	35.27409373634588	0.0	1383735	4487.615986423598	0.004705176223069429	2.85
20014.543073043686	2850	34.19959076450113	0.0	1480464	5074.502971844746	0.004705176223069429	2.85
20020.158761463503	2850	32.58390234468284	0.0	1547572	5615.688419818293	0.004705176223069429	2.85
20024.53165054	2850	32.21101326818396	0.0	1141971	4372.88907649888	0.004705176223069429	2.85
20029.32730591883	2850	31.415357889359736	0.0	1498470	4795.655378824224	0.004705176223069429	2.85
20036.035754373228	2850	28.70690943496015	0.0	1561263	6708.448454399587	0.004705176223069429	2.85
20041.871980759024	2850	26.87068304916116	0.0	1341201	5836.226385798994	0.004705176223069429	2.85
20049.823980603687	2850	22.918683204496816	0.0	1497683	7951.999844664344	0.004705176223069429	2.85
20060.890950183057	2850	15.851713625128895	0.0	1358081	11066.96957936792	0.023284265771508217	2.85
20067.940754491032	1200	12.801909317152669	0.0	670129	7049.804307976225	0.00580208096653223	-0.44999999999999996
20074.05699298121	750	10.685670826973647	0.0	401088	6116.238490179023	0.348556786775589	0.3
20076.84579851048	300	11.896865297703224	0.0	159914	2788.8055292704225	0.056709516793489456	-0.15000000000000002
20078.267744213	300	14.474919595182872	0.0	131610	1421.9457025203521	0.004705176223069429	0.3
20079.59343817795	300	17.149225630230575	0.0	124011	1325.6939649522942	0.1961306631565094	0.3
20083.510691695312	750	17.231972112870572	0.0	378327	3917.253517360003	0.2628997564315796	0.3
20089.60977048394	750	15.132893324240198	0.0	390680	6099.078788630372	0.005166599992662668	0.75
20096.145126611642	750	12.597537196540298	0.0	345516	6535.356127699901	0.3090358078479767	0.75
20098.25787960717	300	14.484784201016264	0.0	161857	2112.7529955240343	0.13320396840572357	-0.15000000000000002
20099.66951984127	300	17.073143966909566	0.0	145210	1411.6402341066973	0.501292884349823	0.3
20103.977801328776	750	16.764862479408855	0.0	438281	4308.281487500712	0.01473473384976387	0.3
20106.858867202136	750	17.883796606048282	0.0	398987	2881.0658733605696	0.015958623960614204	0.75
20109.23989724284	750	19.5027665653466	0.0	393804	2381.030040701684	0.45019593834877014	0.75
20112.86093787356	1200	19.8817259346239	0.0	538612	3621.040630722698	0.08919131010770798	0.75
20115.962363958653	1200	20.78029984953247	0.0	550906	3101.426085091433	0.006116257980465889	1.2

