19937.049839559822	750	4.0	0.848125509873515	450283	848.1255098735149	-1.000000082240371e-09	-2.8969396924561144
19937.402032634585	300	7.647806925237956	0.0	155580	352.1930747620443	-1.000000082240371e-09	-0.15000000000000002
19938.138559014787	750	10.911280545036503	0.0	350812	736.5263802014521	-1.000000082240371e-09	0.3
19939.357248787066	1200	13.692590772753801	0.0	617681	1218.689772282702	-1.000000082240371e-09	0.75
19942.287974346815	2850	14.761865213004679	0.0	1472558	2930.725559749123	-1.000000082240371e-09	1.2000000000000002
19944.666107842633	2850	16.3837317171905	0.0	1224260	2378.133495814178	-1.000000082240371e-09	2.85
19948.74516208854	4300	16.304677471283455	0.0	2157535	4079.0542459070466	-1.000000082240371e-09	2.8499999999999996
19953.0216710698	4300	16.028168490022097	0.0	2290172	4276.508981261358	-1.000000082240371e-09	4.3
19956.77275248002	4300	16.277087079801188	0.0	2055469	3751.081410220908	-1.000000082240371e-09	4.3
19960.867877411383	4300	16.181962148439894	0.0	2169201	4095.124931361295	-1.000000082240371e-09	4.3
19965.119168074758	4300	15.930671485067771	0.0	2173522	4251.290663372122	-1.000000082240371e-09	4.3
19969.258146132168	4300	15.791693427655439	0.0	2102452	4138.9780574123315	-1.000000082240371e-09	4.3
19973.121296999947	4300	15.928542559875883	0.0	2209463	3863.150867779556	-1.000000082240371e-09	4.3
19977.772935289468	4300	15.276904270351999	0.0	2275376	4651.638289523884	-1.000000082240371e-09	4.3
19981.46084962404	4300	15.588989935778052	0.0	2005399	3687.914334573946	-1.000000082240371e-09	4.3
19985.59556182229	4300	15.454277737528383	0.0	2152483	4134.71219824967	-1.000000082240371e-09	4.3
19990.323624143683	4300	14.726215416138674	0.0	2289689	4728.062321389709	-1.000000082240371e-09	4.3
19992.782258066254	2850	16.267581493566556	0.0	1358801	2458.6339225721185	-1.000000082240371e-09	1.4000000000000001
19996.978815283965	4300	16.071024275858488	0.0	2220726	4196.557217708068	-1.000000082240371e-09	2.8499999999999996
20000.96550663782	4300	16.084332922000122	0.0	2156729	3986.691353858365	-1.000000082240371e-09	4.3
20004.735764175894	4300	16.314075383929477	0.0	2039773	3770.2575380706435	-1.000000082240371e-09	4.3
20008.503063711745	4300	16.546775848079175	0.0	2176469	3767.299535850304	-1.000000082240371e-09	4.3
20012.780049358873	4300	16.269790200947835	0.0	2221506	4276.985647131341	-1.000000082240371e-09	4.3
20016.77704649587	4300	16.272793063951596	0.0	2044075	3996.997136996239	-1.000000082240371e-09	4.3
20021.191100851076	4300	15.858738708742017	0.0	2186790	4414.054355209578	-1.000000082240371e-09	4.3
20025.28729661373	4300	15.76254294608736	0.0	2105231	4096.195762654657	-1.000000082240371e-09	4.3
20029.547621567963	4300	15.502217991851895	0.0	2395588	4260.324954235466	-1.000000082240371e-09	4.3
20033.092763398727	4300	15.957076161092008	0.0	1972048	3545.1418307598865	-1.000000082240371e-09	4.3
20037.313223650617	4300	15.736615909200513	0.0	2134614	4220.460251891494	-1.000000082240371e-09	4.3
20041.124920931066	4300	15.92491862874993	0.0	2164140	3811.6972804505817	-1.000000082240371e-09	4.3
20045.18842247832	4300	15.861417081494317	0.0	2113193	4063.5015472556142	-1.000000082240371e-09	4.3
20049.167953767566	4300	15.881885792248625	0.0	2147852	3979.531289245694	-1.000000082240371e-09	4.3
20053.447166575832	4300	15.602672983984663	0.0	2191074	4279.212808263961	-1.000000082240371e-09	4.3
20057.745445198285	4300	15.304394361527647	0.0	2286761	4298.278622457016	-1.000000082240371e-09	4.3
20062.05137358519	4300	14.99846597462161	0.0	2307787	4305.928386906037	-1.000000082240371e-09	4.3
20064.70105129474	2850	16.348788265071626	0.0	1439896	2649.677709549983	-1.000000082240371e-09	1.4000000000000001
20068.264044490676	4300	16.78579506913524	0.0	1919781	3562.9931959363853	-1.000000082240371e-09	2.8499999999999996
20072.493348851163	4300	16.556490708647356	0.0	2147467	4229.304360487885	-1.000000082240371e-09	4.3
20076.736559833073	4300	16.31327972673789	0.0	2133870	4243.2109819094685	-1.000000082240371e-09	4.3
20080.536042230015	4300	16.513797329794784	0.0	2146120	3799.4823969431054	-1.000000082240371e-09	4.3
20084.69307556875	4300	16.356763991058905	0.0	2108491	4157.033338735879	-1.000000082240371e-09	4.3
20088.845937314185	4300	16.203902245621386	0.0	2184571	4152.861745437518	-1.000000082240371e-09	4.3
20092.921819938583	4300	16.1280196212256	0.0	2121928	4075.8826243957847	-1.000000082240371e-09	4.3
20097.52816869752	4300	15.521670862284115	0.0	2219102	4606.348758941488	-1.000000082240371e-09	4.3
20101.384902035443	4300	15.664937524365115	0.0	2124950	3856.7333379189986	-1.000000082240371e-09	4.3
20105.616574383657	4300	15.433265176149758	0.0	2246506	4231.672348215358	-1.000000082240371e-09	4.3
20109.28161447192	4300	15.768225087885197	0.0	1961140	3665.0400882645604	-1.000000082240371e-09	4.3
20113.22365082222	4300	15.826188737588499	0.0	2155012	3942.0363502966984	-1.000000082240371e-09	4.3

