12579.633839885348	750	4.0	4.838144007766586	450283	4838.144007766587	0.4541242718696594	-20.05401923339632
12581.224679211555	300	6.409160673793575	0.0	155580	1590.8393262064255	0.004705176223069429	-0.15000000000000002
12582.42803347005	300	9.205806415296815	0.0	139857	1203.3542584967608	0.004705176223069429	0.3
12583.684491822161	300	11.949348063187209	0.0	155432	1256.4583521096054	0.004705176223069429	0.3
12585.007631125407	300	14.626208759941129	0.0	163442	1323.1393032460794	0.02546350657939911	0.3
12586.104347725746	300	17.529492159601176	0.0	126289	1096.7166003399511	0.5954038500785828	0.3
12587.416230994524	300	20.21760889082371	0.0	153295	1311.8832687774704	0.6960633993148804	0.3
12590.657135292511	750	20.976704592836978	0.0	437162	3240.904297986729	0.32548266649246216	0.3
12593.912205467761	750	21.72163441758817	0.0	374758	3255.0701752488058	0.021753618493676186	0.75
12596.583996821488	750	23.04984306386143	0.0	362795	2671.7913537267395	0.01171957515180111	0.75
12598.890540338332	750	24.74329954701723	0.0	353220	2306.543516844197	0.023055635392665863	0.75
12602.15439940071	750	25.479440484640353	0.0	405134	3263.8590623768796	0.09765314310789108	0.75
12605.267275254926	750	26.366564630423664	0.0	386351	3112.875854216685	0.04073406010866165	0.75
12607.816615996953	750	27.817223888396533	0.0	434409	2549.340742027134	0.02397526241838932	0.75
12609.490106388574	750	30.143733496774832	0.0	337059	1673.4903916217006	0.2918335199356079	0.75
12612.45409996027	1200	31.179739925078717	0.0	587876	2963.993571696114	0.4754570424556732	0.75
12614.982347142988	1200	32.651492742361775	0.0	617242	2528.247182716939	0.004705176223069429	1.2
12617.470223877273	1200	34.163616008077916	0.0	581493	2487.8767342838637	0.004705176223069429	1.2
12620.210444825065	1200	35.42339506028686	0.0	639204	2740.2209477910606	0.004705176223069429	1.2
12623.008050808581	1200	36.62578907676977	0.0	586839	2797.605983517086	0.004705176223069429	1.2
12625.888445723333	1200	37.745394162018165	0.0	601738	2880.394914751606	0.004705176223069429	1.2
12628.555470152123	1200	39.07836973322718	0.0	616206	2667.024428790985	0.004980726167559624	1.2
12630.921812639757	1200	40.71202724559237	0.0	656471	2366.3424876348095	0.014507325366139412	1.2
12632.978423401531	1200	42.65541648382046	0.0	536667	2056.6107617719103	0.3102395832538605	1.2
12634.934945647814	1200	44.69889423753749	0.0	587236	1956.5222462829706	0.6931619644165039	1.2
12643.236728757487	2850	40.39711112786261	0.0	1480464	8301.783109674887	0.2394237071275711	1.2000000000000002
12654.99558315979	2850	32.63825672555816	0.0	1547572	11758.854402304447	0.004705176223069429	2.85
12658.929479102695	1200	32.70436078265471	0.0	487160	3933.8959429034508	0.6723988056182861	-0.44999999999999996
12663.131456250581	1200	32.50238363476899	0.0	622896	4201.97714788572	0.005262861028313637	1.2
12666.41324294621	1200	33.22059693914196	0.0	641447	3281.7866956270195	0.004705176223069429	1.2
12669.322522773025	1200	34.311317112326314	0.0	570392	2909.2798268156484	0.006153246853500605	1.2
12673.589871564278	1200	34.04396832107329	0.0	620283	4267.348791253033	0.005374840926378965	1.2
12679.672771400308	1200	31.961068485043448	0.0	584349	6082.899836029835	0.004705176223069429	1.2
12681.17493193771	1200	34.45890794764072	0.0	670129	1502.1605374027304	0.03255457803606987	1.2
12684.287629519575	2850	35.34621036577771	0.0	1492672	3112.6975818630194	0.63951575756073	1.2000000000000002
12687.031852597993	2850	36.60198728735861	0.0	1439896	2744.223078419095	0.004705176223069429	2.85
12689.288076725183	2850	38.3457631601688	0.0	1139291	2256.2241271898138	0.052829500287771225	2.85
12692.183640111876	2850	39.450199773475966	0.0	1499009	2895.5633866928365	0.17240101099014282	2.85
12696.333816712593	2850	39.30002317275901	0.0	1427478	4150.176600716952	0.5712081789970398	2.85
12699.34441901762	2850	40.28942086773294	0.0	1402287	3010.6023050260674	0.6743619441986084	2.85
12703.436031421787	4300	40.19780846356773	0.0	2108491	4091.6124041652147	0.166948139667511	2.8499999999999996
12708.872412272622	4300	38.76142761273282	0.0	2184571	5436.380850834907	0.004705176223069429	4.3
12717.283330807244	4300	34.35050907811005	0.0	2121928	8410.918534622766	0.004705176223069429	4.3
12727.021295077826	4300	28.612544807528455	0.0	2219102	9737.964270581597	0.004705176223069429	4.3
12738.13988830431	4300	21.493951581045135	0.0	2124950	11118.593226483323	0.06767907738685608	4.3
12744.651233511595	2850	18.982606373759193	0.0	1483527	6511.345207285939	0.206255704164505	1.4000000000000001
12751.65102734328	2850	15.98281254207539	0.0	1231456	6999.7938316838045	0.004705176223069429	2.85
12758.368526787444	2850	13.26531309790901	0.0	1364537	6717.499444166379	0.004705176223069429	2.85

