11500.296219982054	750	4.0	3.704434403261277	450283	3704.4344032612767	0.004705176223069429	-15.17906793402349
11501.468537609317	300	6.827682372737972	0.0	155580	1172.3176272620274	0.005643022712320089	-0.15000000000000002
11502.2850009922	300	10.011218989852685	0.0	139857	816.4633828852868	0.004705176223069429	0.3
11503.195685523546	300	13.100534458509513	0.0	155432	910.6845313431706	0.05920616537332535	0.3
11505.42171312239	750	14.874506859665413	0.0	411561	2226.027598844101	0.538737952709198	0.3
11507.048849338906	750	17.247370643150497	0.0	318564	1627.1362165149171	0.6968236565589905	0.75
11509.104264606607	750	19.191955375451098	0.0	352642	2055.4152676994026	0.6967630386352539	0.75
11511.756273349141	750	20.539946632915562	0.0	437162	2652.008742535536	0.6481330394744873	0.75
11515.5307966925	1200	20.765423289558104	0.0	584846	3774.5233433574585	0.6811221241950989	0.75
11519.048577712649	1200	21.247642269408455	0.0	560821	3517.7810201496486	0.01846776343882084	1.2
11522.526181446632	1200	21.770038535424774	0.0	607410	3477.6037339836794	0.021878786385059357	1.2
11525.535433627902	1200	22.760786354155137	0.0	594078	3009.2521812696373	0.012484008446335793	1.2
11529.217391540993	1200	23.078828441063322	0.0	624282	3681.957913091813	0.005234934855252504	1.2
11532.543907067287	1200	23.752312914768286	0.0	687371	3326.515526295041	0.007909722626209259	1.2
11534.545701579313	1200	25.75051840274456	0.0	526950	2001.7945120237227	0.004761709365993738	1.2
11537.541128826628	1200	26.755091155429362	0.0	587876	2995.4272473151973	0.004705176223069429	1.2
11540.038492580734	1200	28.257727401322374	0.0	617242	2497.36375410699	0.004705176223069429	1.2
11542.489449920593	1200	29.806770061464483	0.0	581493	2450.957339857889	0.004705176223069429	1.2
11545.08882300088	1200	31.207396981178185	0.0	639204	2599.373080286296	0.004705176223069429	1.2
11547.316192655302	1200	32.98002732675538	0.0	586839	2227.3696544228014	0.004705176223069429	1.2
11549.880482307086	1200	34.41573767497149	0.0	601738	2564.2896517838963	0.008584721013903618	1.2
11552.529566466645	1200	35.76665351541276	0.0	616206	2649.0841595587285	0.007180946413427591	1.2
11554.932948476078	1200	37.363271505978695	0.0	656471	2403.3820094340726	0.013378475792706013	1.2
11556.561087848166	1200	39.735132133890275	0.0	536667	1628.1393720884134	0.08892416954040527	1.2
11561.685752382511	2850	38.61046759954461	0.0	1383735	5124.664534345661	0.6832205057144165	1.2000000000000002
11568.94104902641	2850	35.35517095564566	0.0	1480464	7255.296643898951	0.004705176223069429	2.85
11577.47444152255	2850	30.821778459507055	0.0	1547572	8533.39249613861	0.004705176223069429	2.85
11583.849169385338	2850	28.447050596719542	0.0	1141971	6374.727862787511	0.014217517338693142	2.85
11592.577115596427	2850	23.719104385630505	0.0	1498470	8727.946211089038	0.025891989469528198	2.85
11600.467050997007	2850	19.829168985049648	0.0	1561263	7889.935400580855	0.6071686744689941	2.85
11603.337706574384	1200	20.958513407673866	0.0	570392	2870.655577375784	0.49290165305137634	-0.44999999999999996
11606.492213320913	1200	21.80400666114531	0.0	620283	3154.5067465285565	0.004705176223069429	1.2
11609.494139164744	1200	22.80208081731393	0.0	584349	3001.9258438313777	0.004705176223069429	1.2
11613.247875869687	1200	23.048344112370955	0.0	670129	3753.736704942974	0.004705176223069429	1.2
11616.946172309807	1200	23.350047672252348	0.0	690253	3698.2964401186077	0.004705176223069429	1.2
11620.054023265318	1200	24.242196716739937	0.0	598727	3107.8509555124106	0.004705176223069429	1.2
11622.419064646261	1200	25.877155335797895	0.0	487812	2365.041380942042	0.005301125813275576	1.2
11624.64530069225	1200	27.650919289809817	0.0	575591	2226.2360459880815	0.012385949492454529	1.2
11626.556526108967	1200	29.739693873091877	0.0	605884	1911.2254167179392	0.3665294647216797	1.2
11631.051932872248	2850	29.24428710981128	0.0	1402287	4495.406763280595	0.11234718561172485	1.2000000000000002
11636.13098901906	2850	28.165230962997043	0.0	1339500	5079.056146814238	0.004705176223069429	2.85
11641.33991642561	2850	26.95630355644684	0.0	1527299	5208.927406550203	0.004705176223069429	2.85
11647.714003701358	2850	24.582216280699278	0.0	1343002	6374.087275747563	0.004705176223069429	2.85
11653.180910676965	2850	23.115309305090232	0.0	1587250	5466.9069756090485	0.004705176223069429	2.85
11661.969796477499	2850	18.32642350455749	0.0	1464921	8788.88580053274	0.004705176223069429	2.85
11669.602276292913	2850	14.693943689143678	0.0	1483527	7632.4798154138125	0.004705176223069429	2.85
11676.376144875287	2850	11.920075106769705	0.0	1231456	6773.8685823739725	0.004705176223069429	2.85
11689.398518248918	2850	4.0	1.1022982668622407	1364537	13022.373373631946	0.004705176223069429	-1.8898825475076353

