6224.150860864823	750	4.0	4.236019030700693	450283	4236.019030700693	-1.000000082240371e-09	-17.46488183201298
6225.293569882406	300	6.857290982416554	0.0	155580	1142.7090175834455	-1.000000082240371e-09	-0.15000000000000002
6226.771499950614	300	9.379360914208803	0.0	139857	1477.9300682077526	-1.000000082240371e-09	0.3
6231.765075519329	1200	8.385785345493561	0.0	617681	4993.575568715241	-1.000000082240371e-09	0.29999999999999993
6236.00249860823	750	8.148362256593213	0.0	411561	4237.4230889003475	-1.000000082240371e-09	0.3
6240.251733624162	750	7.899127240661131	0.0	318564	4249.235015932083	-1.000000082240371e-09	0.75
6246.732104677439	750	5.418756187384682	0.0	352642	6480.371053276448	-1.000000082240371e-09	0.75
6250.466089510838	300	5.684771353985266	0.0	173849	3733.984833399417	-1.000000082240371e-09	-0.15000000000000002
6252.605347505267	300	7.545513359557398	0.0	150710	2139.2579944278677	-1.000000082240371e-09	0.3
6258.798251764827	750	5.352609099996984	0.0	362795	6192.904259560414	-1.000000082240371e-09	0.3
6261.60956808986	300	6.541292774965185	0.0	141840	2811.316325031799	-1.000000082240371e-09	-0.15000000000000002
6264.4791229526745	300	7.671737912150056	0.0	156148	2869.554862815128	-1.000000082240371e-09	0.3
6267.732572606002	750	8.41828825882217	0.0	386351	3253.4496533278866	-1.000000082240371e-09	0.3
6270.696824212009	750	9.454036652815025	0.0	434409	2964.251606007144	-1.000000082240371e-09	0.75
6273.938746754119	1200	10.212114110704501	0.0	526950	3241.9225421105266	-1.000000082240371e-09	0.75
6276.455558251334	1200	11.695302613489591	0.0	587876	2516.8114972149087	-1.000000082240371e-09	1.2
6285.308721473283	1850	6.842139391541008	0.0	966699	8853.163221948584	-1.000000082240371e-09	1.2000000000000002
6286.578453402321	300	9.572407462502715	0.0	150616	1269.7319290382927	-1.000000082240371e-09	-1.25
6291.657861951595	1200	8.492998913229016	0.0	639204	5079.4085492736995	-1.000000082240371e-09	0.29999999999999993
6294.809069735824	750	9.341791128999738	0.0	350713	3151.2077842292783	-1.000000082240371e-09	0.3
6300.994587883355	1200	7.156272981468824	0.0	601738	6185.518147530914	-1.000000082240371e-09	0.75
6305.285940746701	750	6.8649201181229405	0.0	399894	4291.352863345884	-1.000000082240371e-09	0.3
6306.327735658611	300	9.823125206213481	0.0	163927	1041.7949119094585	-1.000000082240371e-09	-0.15000000000000002
6308.946484295885	1200	11.204376568940006	0.0	536667	2618.748637273474	-1.000000082240371e-09	0.29999999999999993
6312.67821974821	1850	11.47264111661513	0.0	897976	3731.7354523248755	-1.000000082240371e-09	1.2000000000000002
6318.055219284472	1850	10.09564158035357	0.0	905935	5376.99953626156	-1.000000082240371e-09	1.85
6323.259563950581	1200	8.891296914244947	0.0	696376	5204.344666108625	-1.000000082240371e-09	0.5499999999999999
6325.976702724373	750	10.174158140452912	0.0	277716	2717.138773792036	-1.000000082240371e-09	0.3
6331.668744357616	1200	8.482116507210383	0.0	622896	5692.0416332425275	-1.000000082240371e-09	0.75
6334.687659449532	750	9.463201415294556	0.0	400508	3018.915091915827	-1.000000082240371e-09	0.3
6340.628614743957	1200	7.522246120868554	0.0	570392	5940.955294426001	-1.000000082240371e-09	0.75
6346.597244441582	750	5.553616423244363	0.0	400322	5968.629697624191	-1.000000082240371e-09	0.3
6350.8471636503555	300	5.303697214471281	0.0	143881	4249.919208773083	-1.000000082240371e-09	-0.15000000000000002
6355.91309833639	300	4.237762528436674	0.0	163444	5065.934686034607	-1.000000082240371e-09	0.3
6361.252646108296	300	4.0	1.1017852434692086	179328	5339.547771905883	-1.000000082240371e-09	-4.437676546917597
6366.348250554434	300	4.0	1.0956044461382144	159914	5095.604446138214	-1.000000082240371e-09	-4.411099118394322
6370.792306076482	300	4.0	0.44405552204857396	131610	4444.055522048574	-1.000000082240371e-09	-1.6094387448088678
6374.629666261474	300	4.162639815009482	0.0	124011	3837.360184990518	-1.000000082240371e-09	0.3
6379.337180298319	300	4.0	0.5448742218358921	144254	4707.514036845374	-1.000000082240371e-09	-2.042959153894336
6383.705651151661	300	4.0	0.3684708533417279	149991	4368.470853341728	-1.000000082240371e-09	-1.28442466936943
6388.078686468772	300	4.0	0.3730353171110464	147968	4373.035317111046	-1.000000082240371e-09	-1.3040518635774996
6392.697381453495	300	4.0	0.6186949847228715	161857	4618.694984722872	-1.000000082240371e-09	-2.360388434308348
6396.8788629512555	300	4.0	0.18148149776109404	145210	4181.481497761094	-1.000000082240371e-09	-0.4803704403727043
6401.935364595275	300	4.0	1.0565016440199333	172312	5056.501644019933	-1.000000082240371e-09	-4.242957069285713
6406.683218611966	300	4.0	0.7478540166918146	167025	4747.854016691815	-1.000000082240371e-09	-2.9157722717748027
6409.698275057587	300	4.984943554380146	0.0	160064	3015.0564456198545	-1.000000082240371e-09	0.3
6411.20528732256	300	7.477931289406733	0.0	137507	1507.0122649734124	-1.000000082240371e-09	0.3
6413.343395352231	750	9.339823259736582	0.0	314107	2138.108029670151	-1.000000082240371e-09	0.3

