12436.596421662742	750	4.0	4.751626329382562	450283	4751.626329382562	-1.000000082240371e-09	-19.681993216345017
12438.240876579443	300	6.35554508329921	0.0	155580	1644.4549167007901	-1.000000082240371e-09	-0.15000000000000002
12439.675736612018	300	8.920685050724277	0.0	139857	1434.860032574934	-1.000000082240371e-09	0.3
12442.978829610633	750	9.617592052110366	0.0	382355	3303.09299861391	-1.000000082240371e-09	0.3
12447.823827398033	1200	8.77259426470899	0.0	652874	4844.997787401376	-1.000000082240371e-09	0.75
12450.914358321357	750	9.682063341385653	0.0	318564	3090.530923323336	-1.000000082240371e-09	0.3
12458.625197621794	1200	5.971224040947987	0.0	561791	7710.839300437668	-1.000000082240371e-09	0.75
12461.008699359041	300	7.5877223037017325	0.0	173849	2383.5017372462535	-1.000000082240371e-09	-0.6000000000000001
12464.33532398125	750	8.26109768149352	0.0	374758	3326.6246222082127	-1.000000082240371e-09	0.3
12466.643285529262	750	9.953136133481605	0.0	362795	2307.961548011915	-1.000000082240371e-09	0.75
12472.714293736019	1200	7.8821279267246105	0.0	607410	6071.008206756994	-1.000000082240371e-09	0.75
12476.869346137535	750	7.727075525208216	0.0	405134	4155.052401516396	-1.000000082240371e-09	0.3
12480.263039616002	750	8.333382046741832	0.0	386351	3393.693478466384	-1.000000082240371e-09	0.75
12484.493497105228	750	8.102924557515323	0.0	434409	4230.45748922651	-1.000000082240371e-09	0.75
12487.947817672793	750	8.648603989949502	0.0	337059	3454.320567565822	-1.000000082240371e-09	0.75
12491.59195923666	750	9.004462426080632	0.0	366214	3644.141563868868	-1.000000082240371e-09	0.75
12497.279136321771	1200	7.3172853409705745	0.0	617242	5687.177085110057	-1.000000082240371e-09	0.75
12500.290173121006	750	8.306248541736387	0.0	372963	3011.0367992341867	-1.000000082240371e-09	0.3
12503.69744759118	750	8.898974071561929	0.0	405596	3407.274470174459	-1.000000082240371e-09	0.75
12506.664948126889	750	9.931473535853758	0.0	350713	2967.5005357081704	-1.000000082240371e-09	0.75
12512.386793780857	1200	8.209627881884801	0.0	601738	5721.845653968958	-1.000000082240371e-09	0.75
12516.082048416456	750	8.514373246285405	0.0	399894	3695.254635599395	-1.000000082240371e-09	0.3
12524.16246600066	750	4.433955662082574	0.0	401853	8080.417584202833	-1.000000082240371e-09	0.75
12528.703656136106	300	4.0	0.10723447336200843	137654	4541.190135444582	-1.000000082240371e-09	-0.6111082354566363
12533.045826074458	300	4.0	0.3421699383545656	146754	4342.169938354566	-1.000000082240371e-09	-1.171330734924632
12536.554155013151	300	4.491671061307571	0.0	153938	3508.328938692429	-1.000000082240371e-09	0.3
12539.487603527114	300	5.558222547344898	0.0	181901	2933.4485139626727	-1.000000082240371e-09	0.3
12540.744418025892	300	8.30140804856621	0.0	111155	1256.814498778688	-1.000000082240371e-09	0.3
12546.727430595376	750	6.318395479082389	0.0	400396	5983.012569483821	-1.000000082240371e-09	0.3
12549.915577117972	300	7.13024895648661	0.0	149029	3188.146522595778	-1.000000082240371e-09	-0.15000000000000002
12555.939816109765	750	5.106009964693943	0.0	358218	6024.238991792668	-1.000000082240371e-09	0.3
12557.943189727868	300	7.102636346589987	0.0	157488	2003.373618103955	-1.000000082240371e-09	-0.15000000000000002
12562.972357040897	750	6.073469033561701	0.0	369834	5029.167313028286	-1.000000082240371e-09	0.3
12566.229431638707	300	6.816394435751762	0.0	163444	3257.07459780994	-1.000000082240371e-09	-0.15000000000000002
12569.920355450215	300	7.125470624243306	0.0	179328	3690.923811508455	-1.000000082240371e-09	0.3
12574.183112491299	750	6.862713583160376	0.0	365161	4262.757041082929	-1.000000082240371e-09	0.3
12575.220516514815	300	9.825309559643403	0.0	131610	1037.404023516974	-1.000000082240371e-09	-0.15000000000000002
12580.52019171752	1200	8.525634356938397	0.0	575591	5299.675202705007	-1.000000082240371e-09	0.29999999999999993
12583.566985795227	750	9.478840279230706	0.0	378327	3046.7940777076915	-1.000000082240371e-09	0.3
12589.627533933006	1200	7.418292141452232	0.0	587506	6060.548137778474	-1.000000082240371e-09	0.75
12592.594048525927	750	8.451777548531181	0.0	345516	2966.514592921051	-1.000000082240371e-09	0.3
12595.731819310793	750	9.314006763665994	0.0	384505	3137.7707848651876	-1.000000082240371e-09	0.75
12601.724475438728	1200	7.321350635730604	0.0	599477	5992.656127935389	-1.000000082240371e-09	0.75
12606.547418164659	750	6.4984079097994805	0.0	438281	4822.942725931123	-1.000000082240371e-09	0.3
12607.980528071665	300	9.06529800279376	0.0	167025	1433.1099070057198	-1.000000082240371e-09	-0.15000000000000002
12614.484368913048	1200	6.5614571614086366	0.0	638661	6503.840841385125	-1.000000082240371e-09	0.29999999999999993
12616.140504835286	300	8.905321239170927	0.0	137507	1656.1359222377082	-1.000000082240371e-09	-0.6000000000000001
12619.525388612232	750	9.520437462225908	0.0	314107	3384.883776945018	-1.000000082240371e-09	0.3

