13558.401435658614	750	4.0	5.460500454044817	450283	5460.500454044817	-1.000000082240371e-09	-22.730151952392713
13559.700990284213	300	6.700445374400823	0.0	155580	1299.5546255991767	-1.000000082240371e-09	-0.15000000000000002
13560.838479987186	300	9.562955671427938	0.0	139857	1137.489702972886	-1.000000082240371e-09	0.3
13565.066958877951	1200	9.334476780663127	0.0	617681	4228.478890764809	-1.000000082240371e-09	0.29999999999999993
13570.024615174058	1200	8.376820484557152	0.0	652874	4957.656296105975	-1.000000082240371e-09	1.2
13572.380318815032	750	10.02111684358137	0.0	318564	2355.7036409757834	-1.000000082240371e-09	0.3
13577.046767069856	1200	9.354668588758251	0.0	561791	4666.448254823117	-1.000000082240371e-09	0.75
13582.537840209807	1200	7.863595448808143	0.0	709534	5491.073139950109	-1.000000082240371e-09	1.2
13587.533463628555	750	6.867972030060644	0.0	374758	4995.623418747498	-1.000000082240371e-09	0.3
13589.666344741267	300	8.735090917349686	0.0	139105	2132.881112710959	-1.000000082240371e-09	-0.15000000000000002
13595.117494806158	750	7.283940852457557	0.0	353220	5451.150064892128	-1.000000082240371e-09	0.3
13599.712101717107	750	6.689333941507174	0.0	405134	4594.606910950383	-1.000000082240371e-09	0.75
13601.035267832498	300	9.366167826117694	0.0	160746	1323.1661153894788	-1.000000082240371e-09	-0.15000000000000002
13609.107674091701	1200	5.293761566913334	0.0	687371	8072.406259204361	-1.000000082240371e-09	0.29999999999999993
13610.70056274197	300	7.7008729166470316	0.0	140051	1592.8886502663029	-1.000000082240371e-09	-0.6000000000000001
13615.921130951805	750	6.480304706809873	0.0	366214	5220.568209837158	-1.000000082240371e-09	0.3
13617.140750861568	300	9.260684797047212	0.0	143509	1219.6199097626607	-1.000000082240371e-09	-0.15000000000000002
13622.30136347227	1200	8.10007218634519	0.0	581493	5160.612610702022	-1.000000082240371e-09	0.29999999999999993
13629.457555731955	750	4.9438799266608955	0.0	405596	7156.192259684294	-1.000000082240371e-09	0.3
13631.488368792096	300	6.913066866517903	0.0	140881	2030.8130601429918	-1.000000082240371e-09	-0.15000000000000002
13633.113673022033	300	9.287762636579835	0.0	157671	1625.304229938068	-1.000000082240371e-09	0.3
13639.02750276396	1200	7.373932894652185	0.0	616206	5913.82974192765	-1.000000082240371e-09	0.29999999999999993
13643.266641415548	750	7.134794243065054	0.0	401853	4239.138651587132	-1.000000082240371e-09	0.3
13645.734509501903	750	8.666926156710552	0.0	343800	2467.8680863545023	-1.000000082240371e-09	0.75
13647.983820302721	750	10.417615355891156	0.0	359903	2249.3108008193954	-1.000000082240371e-09	0.75
13651.600836562491	1200	10.800599096119662	0.0	590335	3617.0162597714925	-1.000000082240371e-09	0.75
13656.170985505207	1200	10.23045015340567	0.0	696376	4570.148942713994	-1.000000082240371e-09	1.2
13659.204851158396	1200	11.196584500217675	0.0	487160	3033.8656531879933	-1.000000082240371e-09	1.2
13665.692538342757	1850	8.708897315855545	0.0	972798	6487.687184362129	-1.000000082240371e-09	1.2000000000000002
13668.425184396172	750	9.97625126243999	0.0	400508	2732.646053415555	-1.000000082240371e-09	-0.3500000000000001
13671.57666258764	1200	10.824773070971274	0.0	570392	3151.4781914687146	-1.000000082240371e-09	0.75
13676.06615277057	1200	10.335282888041064	0.0	620283	4489.49018293021	-1.000000082240371e-09	1.2
13680.167074692667	1200	10.234360965946816	0.0	584349	4100.921922094248	-1.000000082240371e-09	1.2
13683.977626238915	1200	10.42380941969991	0.0	670129	3810.5515462469066	-1.000000082240371e-09	1.2
13687.838466888212	1200	10.562968770402852	0.0	690253	3860.8406492970576	-1.000000082240371e-09	1.2
13691.547926552577	1200	10.853509106037285	0.0	598727	3709.459664365568	-1.000000082240371e-09	1.2
13694.534120563127	1200	11.867315095486562	0.0	487812	2986.1940105507238	-1.000000082240371e-09	1.2
13702.303554522652	1850	8.09788113596091	0.0	938587	7769.433959525652	-1.000000082240371e-09	1.2000000000000002
13706.206435980339	750	8.19499967827418	0.0	378327	3902.88145768673	-1.000000082240371e-09	-0.3500000000000001
13710.005731008292	750	8.395704650320779	0.0	390680	3799.2950279534025	-1.000000082240371e-09	0.75
13713.33438653644	750	9.06704912217272	0.0	345516	3328.6555281480587	-1.000000082240371e-09	0.75
13719.294434515481	1200	7.107001143131494	0.0	641452	5960.047979041227	-1.000000082240371e-09	0.75
13722.257499303081	750	8.14393635553106	0.0	372093	2963.0647876004327	-1.000000082240371e-09	0.3
13724.965850061604	750	9.435585597009224	0.0	438281	2708.350758521838	-1.000000082240371e-09	0.75
13728.786872805975	1200	9.614562852638377	0.0	630203	3821.0227443708454	-1.000000082240371e-09	0.75
13732.90714925652	1200	9.494286402092925	0.0	638661	4120.2764505454525	-1.000000082240371e-09	1.2
13736.086778841525	1200	10.314656817087402	0.0	538612	3179.629585005523	-1.000000082240371e-09	1.2
13739.908178327612	1200	10.493257331000335	0.0	550906	3821.3994860870666	-1.000000082240371e-09	1.2

