20302.7725790275	750	4.0	3.445995646227827	450283	3445.9956462278274	-1.000000082240371e-09	-14.067781278779655
20303.84246686993	300	6.930112157568032	0.0	155580	1069.8878424319682	-1.000000082240371e-09	-0.15000000000000002
20304.777523309993	300	9.995055717503444	0.0	139857	935.0564400645883	-1.000000082240371e-09	0.3
20311.4824239266	1200	7.290155100893425	0.0	617681	6704.90061661002	-1.000000082240371e-09	0.29999999999999993
20322.054772973377	750	4.0	3.282193945879727	411561	10572.349046773152	-1.000000082240371e-09	-13.813433967282824
20325.37337235108	300	4.681400622296262	0.0	126289	3318.599377703739	-1.000000082240371e-09	-0.15000000000000002
20327.88518755666	300	6.169585416713659	0.0	153295	2511.8152055826026	-1.000000082240371e-09	0.3
20331.271363839718	300	6.7834091336563365	0.0	173849	3386.176283057322	-1.000000082240371e-09	0.3
20334.406886420766	300	7.647886552611618	0.0	150710	3135.5225810447173	-1.000000082240371e-09	0.3
20340.94602089412	750	5.1087520792551295	0.0	362795	6539.134473356489	-1.000000082240371e-09	0.3
20343.31734947493	300	6.737423498445027	0.0	141840	2371.328580810103	-1.000000082240371e-09	-0.15000000000000002
20346.06407888987	300	7.990694083507051	0.0	156148	2746.7294149379763	-1.000000082240371e-09	0.3
20353.82112954819	750	4.233643425187523	0.0	386351	7757.050658319527	-1.000000082240371e-09	0.3
20355.722553225565	300	6.332219747811643	0.0	179801	1901.4236773758803	-1.000000082240371e-09	-0.15000000000000002
20357.39623225857	300	8.658540714809364	0.0	140051	1673.6790330022798	-1.000000082240371e-09	0.3
20362.910304589714	750	7.144468383662761	0.0	366214	5514.072331146603	-1.000000082240371e-09	0.3
20368.247125481586	750	5.807647491791763	0.0	360831	5336.820891870998	-1.000000082240371e-09	0.75
20369.97477684513	300	8.079996128247009	0.0	150616	1727.6513635447538	-1.000000082240371e-09	-0.15000000000000002
20374.00302800321	750	8.051744970165577	0.0	405596	4028.2511580814316	-1.000000082240371e-09	0.3
20377.211518367327	750	8.843254606050428	0.0	350713	3208.490364115149	-1.000000082240371e-09	0.75
20381.424275487374	750	8.630497486005352	0.0	386472	4212.757120045077	-1.000000082240371e-09	0.75
20386.408990050484	750	7.645782922897293	0.0	399894	4984.714563108058	-1.000000082240371e-09	0.75
20391.11268371973	750	6.942089253651257	0.0	401853	4703.693669246037	-1.000000082240371e-09	0.75
20392.369475143463	300	9.68529782991569	0.0	137654	1256.7914237355662	-1.000000082240371e-09	-0.15000000000000002
20397.900878634435	1200	8.153894338945062	0.0	587236	5531.403490970627	-1.000000082240371e-09	0.29999999999999993
20401.433829954974	750	8.620943018404702	0.0	379700	3532.9513205403614	-1.000000082240371e-09	0.3
20405.654552476502	750	8.400220496874882	0.0	425781	4220.722521529821	-1.000000082240371e-09	0.75
20408.507461894453	750	9.547311078925452	0.0	277716	2852.90941794943	-1.000000082240371e-09	0.75
20414.94187066997	1200	7.112902303410741	0.0	622896	6434.40877551471	-1.000000082240371e-09	0.75
20419.19117791929	750	6.863595054092306	0.0	400508	4249.307249318435	-1.000000082240371e-09	0.3
20420.861613650086	300	9.193159323292361	0.0	157421	1670.4357307999448	-1.000000082240371e-09	-0.15000000000000002
20431.81901478837	1200	4.0	1.7642418149892911	620283	10957.401138281652	-1.000000082240371e-09	-7.286239804453952
20433.79433594091	300	6.024678847459689	0.0	143881	1975.3211525403117	-1.000000082240371e-09	-0.6000000000000001
20437.255769183583	300	6.563245604787355	0.0	163444	3461.4332426723345	-1.000000082240371e-09	0.3
20440.009860787537	300	7.8091540008345275	0.0	179328	2754.091603952827	-1.000000082240371e-09	0.3
20444.02136433973	750	7.7976504486425515	0.0	365161	4011.5035521919754	-1.000000082240371e-09	0.3
20446.55302463159	750	9.26599015678182	0.0	321064	2531.6602918607323	-1.000000082240371e-09	0.75
20451.4436752081	1200	8.375339580271046	0.0	575591	4890.650576510774	-1.000000082240371e-09	0.75
20454.89097048491	750	8.928044303461919	0.0	378327	3447.2952768091272	-1.000000082240371e-09	0.3
20459.023006991363	750	8.79600779700674	0.0	390680	4132.036506455179	-1.000000082240371e-09	0.75
20462.943528419357	750	8.875486369015402	0.0	345516	3920.5214279913375	-1.000000082240371e-09	0.75
20466.085194647578	750	9.733820140793995	0.0	384505	3141.666228221407	-1.000000082240371e-09	0.75
20472.306500180173	1200	7.51251460819802	0.0	599477	6221.305532595974	-1.000000082240371e-09	0.75
20476.91677994536	750	6.90223484300888	0.0	438281	4610.279765189141	-1.000000082240371e-09	0.3
20478.196671720056	300	9.622343068317118	0.0	167025	1279.8917746917623	-1.000000082240371e-09	-0.15000000000000002
20483.849300017606	1200	7.969714770762885	0.0	638661	5652.628297554232	-1.000000082240371e-09	0.29999999999999993
20487.70299210976	750	8.11602267860762	0.0	331053	3853.6920921552655	-1.000000082240371e-09	0.3
20490.80008333418	750	9.018931454190685	0.0	314107	3097.0912244169344	-1.000000082240371e-09	0.75

