18890.85375610093	750	4.0	4.799754461958953	450283	4799.754461958953	0.7095524072647095	-19.888944186423497
18892.275746328713	300	6.578009772220171	0.0	155580	1421.9902277798294	0.004705176223069429	-0.15000000000000002
18893.477755017622	300	9.376001083309369	0.0	139857	1202.0086889108015	0.004705176223069429	0.3
18895.007946370446	300	11.845809730486824	0.0	155432	1530.1913528225455	0.004705176223069429	0.3
18896.729687814364	300	14.124068286566814	0.0	163442	1721.7414439200097	0.009066342376172543	0.3
18898.02267177931	300	16.831084321623113	0.0	126289	1292.9839649437026	0.13883249461650848	0.3
18899.33943303535	300	19.514323065579724	0.0	153295	1316.7612560433888	0.30780720710754395	0.3
18907.400578805416	750	15.453177295515104	0.0	437162	8061.145770064619	0.6154734492301941	0.3
18911.03296591119	300	15.820790189745875	0.0	150710	3632.387105769231	0.004705176223069429	-0.15000000000000002
18913.92695461906	300	16.926801481874012	0.0	139105	2893.9887078718607	0.004705176223069429	0.3
18916.537474670433	300	18.316281430499306	0.0	141840	2610.5200513747086	0.004705176223069429	0.3
18918.80380681548	300	20.04994928545369	0.0	156148	2266.3321450456165	0.009914211928844452	0.3
18920.508498556945	300	22.345257543985635	0.0	160746	1704.691741468055	0.1414305865764618	0.3
18925.75942929168	750	21.094326809250223	0.0	434409	5250.930734735411	0.6918656826019287	0.3
18930.493556440277	750	20.36019966065436	0.0	337059	4734.127148595863	0.015597211197018623	0.75
18937.804607189748	750	17.049148911182186	0.0	366214	7311.050749472173	0.07231032848358154	0.75
18940.35383061107	300	18.49992548985939	0.0	143509	2549.2234213227957	0.012317510321736336	-0.15000000000000002
18943.53336795494	300	19.320388145993522	0.0	150616	3179.5373438658667	0.008873475715517998	0.3
18946.719587393152	300	20.134168707779104	0.0	165384	3186.2194382144194	0.009341833181679249	0.3
18948.976202394988	300	21.877553705945896	0.0	140881	2256.6150018332087	0.021114233881235123	0.3
18951.382692579966	300	23.4710635209685	0.0	157671	2406.4901849773964	0.2973761558532715	0.3
18954.13463383287	300	24.7191222680675	0.0	157812	2751.9412529009974	0.5784237384796143	0.3
18960.072763399214	750	22.78099270172366	0.0	401853	5938.129566343841	0.6531317234039307	0.3
18963.97504870849	750	22.878707392446785	0.0	343800	3902.285309276877	0.016115130856633186	0.75
18967.860662544394	750	22.99309355654477	0.0	359903	3885.6138359020133	0.004705176223069429	0.75
18972.549204978015	750	22.304551122923332	0.0	379700	4688.542433621441	0.004705176223069429	0.75
18977.33808383737	750	21.515672263565857	0.0	425781	4788.878859357471	0.004705176223069429	0.75
18980.209229582324	750	22.644526518613027	0.0	277716	2871.145744952833	0.004705176223069429	0.75
18984.597113886284	750	22.256642214652217	0.0	400396	4387.88430396081	0.004705176223069429	0.75
18988.548150348273	750	22.305605752664377	0.0	400508	3951.03646198784	0.004705176223069429	0.75
18991.45673470664	750	23.397021394297973	0.0	358218	2908.584358366407	0.004705176223069429	0.75
18998.930293958605	750	19.923462142332713	0.0	400322	7473.559251965261	0.004705176223069429	0.75
19004.393129556618	750	18.46062654431795	0.0	369834	5462.835598014761	0.19535543024539948	0.75
19010.871168667672	750	15.982587433263339	0.0	412837	6478.039111054612	0.032964784651994705	0.75
19013.248674568575	300	17.60508153236183	0.0	179328	2377.505900901508	0.6550406813621521	-0.15000000000000002
19014.85592892457	300	19.997827176365973	0.0	159914	1607.2543559958567	0.2827434241771698	0.3
19017.602617340177	750	21.251138760760142	0.0	321064	2746.688415605829	0.1670161634683609	0.3
19021.037550255005	750	21.816205845933005	0.0	361565	3434.932914827139	0.00708868820220232	0.75
19027.280324302897	750	19.57343179804059	0.0	378327	6242.774047892412	0.015256679616868496	0.75
19032.205967092537	750	18.647789008401723	0.0	390680	4925.642789638867	0.0052673048339784145	0.75
19038.528993987613	750	16.32476211332554	0.0	345516	6323.026895076183	0.004705176223069429	0.75
19044.709994091707	750	14.143762009229992	0.0	384505	6181.000104095549	0.01183422189205885	0.75
19050.23991206369	750	12.613844037246361	0.0	372093	5529.91797198363	0.047898996621370316	0.75
19054.34868500137	750	12.505071099568907	0.0	438281	4108.772937677453	0.17478233575820923	0.75
19056.948156661812	750	13.905599439127451	0.0	398987	2599.471660441456	0.006675969809293747	0.75
19059.80484249438	750	15.048913606558195	0.0	393804	2856.685832569256	0.11114425212144852	0.75
19062.78913960669	750	16.06461649424488	0.0	331053	2984.297112313313	0.4463145136833191	0.75
19065.76468398835	750	17.089072112588283	0.0	314107	2975.5443816565944	0.5335821509361267	0.75

