8307.719076832314	750	4.0	9.971750996673139	450283	9971.75099667314	-1.000000082240371e-09	-42.1285292856945
8311.202700741545	300	4.516376090767351	0.0	155580	3483.623909232648	-1.000000082240371e-09	-0.15000000000000002
8313.487698957095	300	6.23137787521933	0.0	139857	2284.998215548021	-1.000000082240371e-09	0.3
8315.288784642948	300	8.430292189365248	0.0	155432	1801.085685854082	-1.000000082240371e-09	0.3
8318.72703960203	750	8.992037230282694	0.0	411561	3438.2549590825547	-1.000000082240371e-09	0.3
8320.920591879172	750	10.798484953141799	0.0	318564	2193.5522771408964	-1.000000082240371e-09	0.75
8324.654743971909	1200	11.06433286040362	0.0	561791	3734.152092738177	-1.000000082240371e-09	0.75
8330.99227117967	1850	8.726805652643266	0.0	1060487	6337.527207760354	-1.000000082240371e-09	1.2000000000000002
8333.041708436931	750	10.677368395381176	0.0	374758	2049.437257262091	-1.000000082240371e-09	-0.3500000000000001
8338.235155494896	1200	9.483921337415847	0.0	560821	5193.447057965331	-1.000000082240371e-09	0.75
8342.800599924776	1200	8.918476907535647	0.0	607410	4565.444429880199	-1.000000082240371e-09	1.2
8346.257946770076	750	9.461130062235657	0.0	405134	3457.34684529999	-1.000000082240371e-09	0.3
8353.371222702817	1200	6.347854129494368	0.0	624282	7113.27593274129	-1.000000082240371e-09	0.75
8355.006230893627	300	8.712845938685751	0.0	179801	1635.0081908086186	-1.000000082240371e-09	-0.6000000000000001
8357.131358343506	750	10.587718488806477	0.0	337059	2125.127449879274	-1.000000082240371e-09	0.3
8362.36073744203	1200	9.358339390282877	0.0	587876	5229.379098523599	-1.000000082240371e-09	0.75
8368.392523081768	1200	7.326553750544199	0.0	617242	6031.785639738679	-1.000000082240371e-09	1.2
8373.211928294704	750	6.507148537608151	0.0	372963	4819.405212936048	-1.000000082240371e-09	0.3
8376.619299120654	300	7.0997777116586605	0.0	165384	3407.37082594949	-1.000000082240371e-09	-0.15000000000000002
8383.42669276751	750	4.29238406480147	0.0	350713	6807.39364685719	-1.000000082240371e-09	0.3
8385.284265780436	300	6.4348110518769905	0.0	157671	1857.5730129244794	-1.000000082240371e-09	-0.15000000000000002
8388.139349795661	300	7.579727036650056	0.0	157812	2855.084015226935	-1.000000082240371e-09	0.3
8395.929356790708	750	4.0	0.21027995839726007	401853	7790.006995047316	-1.000000082240371e-09	-0.6042038211082184
8397.504810187334	300	6.424546603375011	0.0	137654	1575.4533966249892	-1.000000082240371e-09	-0.15000000000000002
8398.638189559153	300	9.291167231557175	0.0	146754	1133.3793718178358	-1.000000082240371e-09	0.3
8402.6733286847	1200	9.25602810601142	0.0	590335	4035.139125545753	-1.000000082240371e-09	0.29999999999999993
8406.547380269783	1200	9.38197652092718	0.0	696376	3874.0515850842403	-1.000000082240371e-09	1.2
8410.543215364663	1200	9.386141426047201	0.0	487160	3995.83509487998	-1.000000082240371e-09	1.2
8416.555380946143	1200	7.373975844566653	0.0	622896	6012.165581480548	-1.000000082240371e-09	1.2
8419.816817218656	750	8.112539572053816	0.0	400508	3261.436272512837	-1.000000082240371e-09	0.3
8422.440345208492	750	9.489011582218025	0.0	358218	2623.5279898357917	-1.000000082240371e-09	0.75
8427.787020461185	1200	8.142336329525147	0.0	620283	5346.6752526928785	-1.000000082240371e-09	0.75
8432.392495523447	750	7.5368612672627044	0.0	369834	4605.475062262442	-1.000000082240371e-09	0.3
8436.792615117502	750	7.136741673207764	0.0	412837	4400.1195940549405	-1.000000082240371e-09	0.75
8439.102320490376	750	8.827036300334548	0.0	401088	2309.7053728732158	-1.000000082240371e-09	0.75
8440.744207950209	750	11.185148840501201	0.0	365161	1641.887459833348	-1.000000082240371e-09	0.75
8443.659525274761	1850	12.269831515947793	0.0	728962	2915.317324553407	-1.000000082240371e-09	0.75
8449.029719691935	1850	10.899637098774337	0.0	938587	5370.194417173457	-1.000000082240371e-09	1.85
8453.413255383697	1200	10.516101407012346	0.0	605884	4383.535691761991	-1.000000082240371e-09	0.5499999999999999
8458.733907595026	1200	9.19544919568414	0.0	587506	5320.6522113282035	-1.000000082240371e-09	1.2
8463.935960672497	1200	7.993396118211651	0.0	566904	5202.05307747249	-1.000000082240371e-09	1.2
8466.969765691016	750	8.959591099692865	0.0	384505	3033.8050185187867	-1.000000082240371e-09	0.3
8471.150482893023	750	8.778873897684283	0.0	372093	4180.717202008582	-1.000000082240371e-09	0.75
8475.740515996446	750	8.188840794263099	0.0	438281	4590.033103421184	-1.000000082240371e-09	0.75
8487.318918816614	750	4.0	3.3895620259061223	398987	11578.402820169222	-1.000000082240371e-09	-13.825116711396326
8492.00437803621	300	4.0	0.6854592195958666	160064	4685.459219595867	-1.000000082240371e-09	-3.0974746442622267
8496.216468756435	300	4.0	0.21209072022423062	137507	4212.090720224231	-1.000000082240371e-09	-0.6119900969641916
8500.453603162234	300	4.0	0.23713440579908912	118421	4237.134405799089	-1.000000082240371e-09	-0.7196779449360831

