18243.31194823709	750	4.0	6.835416697573638	450283	6835.416697573638	-1.000000082240371e-09	-28.642291799566642
18246.618486459152	300	4.693461777936518	0.0	155580	3306.5382220634815	-1.000000082240371e-09	-0.15000000000000002
18248.804803817093	300	6.507144419993679	0.0	139857	2186.3173579428385	-1.000000082240371e-09	0.3
18250.840619590937	300	8.471328646148999	0.0	155432	2035.8157738446798	-1.000000082240371e-09	0.3
18255.569524402636	750	7.742423834451726	0.0	411561	4728.904811697273	-1.000000082240371e-09	0.3
18258.246348066932	750	9.065600170155118	0.0	318564	2676.823664296609	-1.000000082240371e-09	0.75
18262.218142718524	1200	9.093805518563917	0.0	561791	3971.7946515912	-1.000000082240371e-09	0.75
18267.042643195393	1200	8.26930504169274	0.0	709534	4824.500476871177	-1.000000082240371e-09	1.2
18269.657570995532	750	9.654377241556812	0.0	374758	2614.9278001359266	-1.000000082240371e-09	0.3
18273.226236572635	1200	10.085711664456145	0.0	560821	3568.6655771006676	-1.000000082240371e-09	0.75
18276.92878656092	1200	10.383161676170626	0.0	607410	3702.549988285518	-1.000000082240371e-09	1.2
18281.062430160244	1200	10.249518076845707	0.0	594078	4133.643599324919	-1.000000082240371e-09	1.2
18285.83198232982	1200	9.479965907268898	0.0	624282	4769.552169576809	-1.000000082240371e-09	1.2
18291.653142427225	1200	7.658805809864331	0.0	687371	5821.160097404566	-1.000000082240371e-09	1.2
18294.23641999878	750	9.07552823830974	0.0	337059	2583.2775715545913	-1.000000082240371e-09	0.3
18297.823403666334	1200	9.48854457075292	0.0	587876	3586.98366755682	-1.000000082240371e-09	0.75
18301.822358830206	1200	9.489589406882947	0.0	617242	3998.9551638699727	-1.000000082240371e-09	1.2
18304.845480225296	1200	10.46646801179372	0.0	581493	3023.1213950892275	-1.000000082240371e-09	1.2
18308.227417729697	1200	11.084530507388793	0.0	639204	3381.9375044049257	-1.000000082240371e-09	1.2
18312.93235645086	1850	10.379591786227186	0.0	923755	4704.938721161609	-1.000000082240371e-09	1.2000000000000002
18316.547399446546	1200	10.764548790541404	0.0	601738	3615.0429956857797	-1.000000082240371e-09	0.5499999999999999
18321.417192095465	1200	9.89475614162285	0.0	616206	4869.792648918557	-1.000000082240371e-09	1.2
18326.430968908997	1200	8.880979328091744	0.0	656471	5013.776813531104	-1.000000082240371e-09	1.2
18330.42928889905	750	8.882659338039524	0.0	343800	3998.319990052219	-1.000000082240371e-09	0.3
18334.52746412186	750	8.784484115229414	0.0	359903	4098.17522281011	-1.000000082240371e-09	0.75
18337.198696177882	750	10.113252059207042	0.0	379700	2671.232056022373	-1.000000082240371e-09	0.75
18341.644787563568	1200	9.667160673522499	0.0	696376	4446.091385684543	-1.000000082240371e-09	0.75
18345.452970379585	1200	9.858977857504097	0.0	487160	3808.182816018402	-1.000000082240371e-09	1.2
18350.951847599674	1200	8.360100637414963	0.0	622896	5498.877220089137	-1.000000082240371e-09	1.2
18355.16520534541	750	8.14674289167695	0.0	400508	4213.357745738011	-1.000000082240371e-09	0.3
18359.130734218437	750	8.181214018650182	0.0	358218	3965.52887302677	-1.000000082240371e-09	0.75
18362.55193835315	750	8.760009883937865	0.0	400322	3421.2041347123168	-1.000000082240371e-09	0.75
18365.752063135988	750	9.55988510109905	0.0	369834	3200.124782838816	-1.000000082240371e-09	0.75
18372.192630235408	1200	7.119318001681225	0.0	670129	6440.567099417826	-1.000000082240371e-09	0.75
18375.597280149257	750	7.7146680878315745	0.0	401088	3404.6499138496497	-1.000000082240371e-09	0.3
18378.591406718464	750	8.720541518627888	0.0	365161	2994.1265692036877	-1.000000082240371e-09	0.75
18380.602327859266	750	10.709620377825429	0.0	321064	2010.921140802459	-1.000000082240371e-09	0.75
18384.4131625799	1200	10.898785657190507	0.0	575591	3810.834720634923	-1.000000082240371e-09	0.75
18390.39965885021	1200	8.91228938687939	0.0	605884	5986.496270311116	-1.000000082240371e-09	1.2
18394.594498664796	750	8.717449572289498	0.0	390680	4194.839814589893	-1.000000082240371e-09	0.3
18397.02665139856	750	10.285296838528899	0.0	345516	2432.1527337605994	-1.000000082240371e-09	0.75
18403.10696262223	1200	8.204985614856568	0.0	641452	6080.31122367233	-1.000000082240371e-09	0.75
18406.232220646194	750	9.079727590889174	0.0	372093	3125.2580239673957	-1.000000082240371e-09	0.3
18411.526928980256	1200	7.785019256827149	0.0	634861	5294.708334062025	-1.000000082240371e-09	0.75
18416.273161894904	750	7.038786342181594	0.0	398987	4746.232914645554	-1.000000082240371e-09	0.3
18421.218456462964	750	6.0934917741189425	0.0	393804	4945.294568062652	-1.000000082240371e-09	0.75
18423.418854839038	300	7.893093398045968	0.0	137507	2200.398376072975	-1.000000082240371e-09	-0.15000000000000002
18428.760935031434	750	6.551013205650526	0.0	314107	5342.080192395441	-1.000000082240371e-09	0.3

