3952.641127633907	750	4.0	6.602941104200595	450283	6602.941104200595	0.004705176223069429	-27.642646748062557
3954.2623758024847	300	6.378751831422763	0.0	155580	1621.2481685772375	0.004705176223069429	-0.15000000000000002
3955.897366596425	300	8.743761037482852	0.0	139857	1634.990793939913	0.004705176223069429	0.3
3957.859305839991	300	10.78182179391646	0.0	155432	1961.9392435663906	0.004705176223069429	0.3
3959.897256994559	300	12.743870639348641	0.0	163442	2037.9511545678201	0.004705176223069429	0.3
3961.62061064593	300	15.020516987977592	0.0	126289	1723.353651371049	0.006148684769868851	0.3
3964.593186176378	300	16.04794145752979	0.0	153295	2972.575530447798	0.00735319871455431	0.3
3966.3871141405043	300	18.254013493403146	0.0	173849	1793.9279641266485	0.005856927949935198	0.3
3967.9923138885633	300	20.648813745344214	0.0	150710	1605.1997480589303	0.103150874376297	0.3
3972.027553353517	750	20.61357428039066	0.0	362795	4035.2394649535518	0.6881566643714905	0.3
3974.5798658923895	750	22.061261741518038	0.0	353220	2552.312538872623	0.004904222674667835	0.75
3977.43702311353	750	23.204104520377363	0.0	405134	2857.1572211406733	0.005177208688110113	0.75
3980.7375173889036	750	23.903610245003758	0.0	386351	3300.494275373605	0.00619827676564455	0.75
3984.296446945576	750	24.34468068833112	0.0	434409	3558.929556672635	0.005395920481532812	0.75
3987.1029243159055	750	25.53820331800135	0.0	337059	2806.4773703297724	0.005673701409250498	0.75
3989.963383239327	750	26.677744394579886	0.0	366214	2860.4589234214654	0.007421458605676889	0.75
3993.585039370642	750	27.05608826326502	0.0	360831	3621.6561313148627	0.014466321095824242	0.75
3996.9444615875436	750	27.69666604636324	0.0	372963	3359.422216901781	0.006334143225103617	0.75
4000.7410153433484	750	27.90011229055847	0.0	405596	3796.553755804771	0.008567496202886105	0.75
4003.8119621506185	750	28.829165483288634	0.0	350713	3070.946807269836	0.006905502174049616	0.75
4006.5946580865257	750	30.046469547381246	0.0	386472	2782.6959359073894	0.010000372305512428	0.75
4010.4461637096824	750	30.19496392422441	0.0	399894	3851.5056231568346	0.039823342114686966	0.75
4013.542995419454	750	31.098132214452757	0.0	401853	3096.8317097716526	0.00928753986954689	0.75
4016.2825391210113	750	32.35858851289583	0.0	343800	2739.543701556934	0.03883124142885208	0.75
4019.324917610222	750	33.3162100236852	0.0	359903	3042.378489210631	0.03951786085963249	0.75
4021.9837404892314	750	34.65738714467565	0.0	379700	2658.822879009546	0.05455134063959122	0.75
4025.715452612947	750	34.92567502095996	0.0	425781	3731.7121237156944	0.23312531411647797	0.75
4028.3222881554743	750	36.3188394784328	0.0	277716	2606.8355425271593	0.12466295808553696	0.75
4033.502738334837	750	35.138389299070276	0.0	400396	5180.450179362528	0.12677089869976044	0.75
4039.201285614572	750	33.439842019335046	0.0	400508	5698.547279735225	0.007709714118391275	0.75
4043.2824423690276	750	33.358685264879306	0.0	358218	4081.1567544557415	0.0051000057719647884	0.75
4050.1914387596453	750	30.449688874261316	0.0	400322	6908.996390617991	0.008744511753320694	0.75
4054.2304377083046	750	30.410689925602124	0.0	369834	4038.9989486591926	0.004705176223069429	0.75
4057.142156182768	750	31.498971451139056	0.0	412837	2911.71847446307	0.005929336417466402	0.75
4060.7275492131803	750	31.91357842072672	0.0	401088	3585.39303041234	0.09930305182933807	0.75
4064.215676894695	750	32.42545073921208	0.0	365161	3488.127681514638	0.09454432874917984	0.75
4068.687769099159	750	31.953358534747817	0.0	321064	4472.092204464262	0.2698923945426941	0.75
4076.9663442427827	750	27.674783391124322	0.0	361565	8278.575143623499	0.01845075562596321	0.75
4084.0122548660015	750	24.628872767905666	0.0	378327	7045.910623218658	0.004705176223069429	0.75
4089.8124635396	750	22.828664094307317	0.0	390680	5800.208673598347	0.004705176223069429	0.75
4092.807101615903	750	23.83402601800412	0.0	345516	2994.6380763031966	0.004867440555244684	0.75
4095.953441993844	750	24.687685640063087	0.0	384505	3146.3403779410382	0.28223729133605957	0.75
4098.968299436746	750	25.672828197161444	0.0	372093	3014.8574429016403	0.692874550819397	0.75
4103.667097706932	1200	24.97402992697617	0.0	634861	4698.798270185278	0.6349388360977173	0.75
4108.387941364238	1200	24.25318626966946	0.0	630203	4720.843657306709	0.00531461788341403	1.2
4112.684917934804	1200	23.956209699103724	0.0	638661	4296.976570565734	0.004705176223069429	1.2
4116.062992914826	1200	24.578134719081422	0.0	538612	3378.074980022303	0.012690462172031403	1.2
4121.57180161091	1200	23.069326022997284	0.0	550906	5508.808696084138	0.2130737006664276	1.2

