196.20793163964774	750	4.0	4.722418988271614	450283	4722.418988271614	-1.000000082240371e-09	-19.55640164956794
197.68353745792254	300	6.524394181725228	0.0	155580	1475.6058182747722	-1.000000082240371e-09	-0.15000000000000002
198.88399820237677	300	9.323933437271	0.0	139857	1200.460744454228	-1.000000082240371e-09	0.3
203.2797818448247	1200	8.928149794823057	0.0	617681	4395.783642447944	-1.000000082240371e-09	0.29999999999999993
206.4821177837886	750	9.725813855859156	0.0	411561	3202.3359389639013	-1.000000082240371e-09	0.3
210.51894257480447	1200	9.688989064843279	0.0	520315	4036.8247910158775	-1.000000082240371e-09	0.75
215.0579167771988	1200	9.150014862448938	0.0	561791	4538.974202394342	-1.000000082240371e-09	1.2
222.74728841238712	1200	5.460643227260611	0.0	709534	7689.371635188326	-1.000000082240371e-09	1.2
224.42419007150903	300	7.783741568138715	0.0	150710	1676.901659121897	-1.000000082240371e-09	-0.6000000000000001
229.41922367437397	750	6.788707965273787	0.0	362795	4995.033602864928	-1.000000082240371e-09	0.3
231.9652752176238	300	8.242656422023959	0.0	141840	2546.051543249826	-1.000000082240371e-09	-0.15000000000000002
239.00682066701748	750	5.20111097263026	0.0	405134	7041.5454493936995	-1.000000082240371e-09	0.3
241.68792356862767	300	6.520008071020053	0.0	160746	2681.102901610207	-1.000000082240371e-09	-0.15000000000000002
243.5869487346788	300	8.620982904968926	0.0	179801	1899.025166051126	-1.000000082240371e-09	0.3
246.72651524332332	750	9.481416396324406	0.0	337059	3139.5665086445206	-1.000000082240371e-09	0.3
251.1601108610874	1200	9.047820778560329	0.0	587876	4433.595617764078	-1.000000082240371e-09	0.75
259.4110178698016	1200	4.7969137698461495	0.0	617242	8250.907008714179	-1.000000082240371e-09	1.2
261.5872756317136	300	6.620656007934102	0.0	150616	2176.2577619120475	-1.000000082240371e-09	-0.6000000000000001
264.17722103511727	300	8.03071060453046	0.0	165384	2589.945403403641	-1.000000082240371e-09	0.3
268.40272764370616	750	7.805203995941598	0.0	350713	4225.506608588863	-1.000000082240371e-09	0.3
273.2659823357132	750	6.941949303934532	0.0	386472	4863.254692007066	-1.000000082240371e-09	0.75
275.1158724647182	300	9.092059174929535	0.0	157812	1849.8901290049978	-1.000000082240371e-09	-0.15000000000000002
282.24439009129685	1200	5.963541548350891	0.0	656471	7128.517626578643	-1.000000082240371e-09	0.29999999999999993
283.90757542953077	300	8.300356210116991	0.0	137654	1663.1853382338986	-1.000000082240371e-09	-0.6000000000000001
288.9411049397217	750	7.266826699926022	0.0	359903	5033.52951019097	-1.000000082240371e-09	0.3
294.89226486164864	750	5.315666777999037	0.0	379700	5951.159921926986	-1.000000082240371e-09	0.75
298.1745537481121	300	6.033377891535603	0.0	181901	3282.2888864634333	-1.000000082240371e-09	-0.15000000000000002
299.58023127182946	300	8.627700367818262	0.0	111155	1405.677523717341	-1.000000082240371e-09	0.3
305.00395781035485	750	7.203973829292881	0.0	400396	5423.726538525381	-1.000000082240371e-09	0.3
310.51137492291605	750	5.696556716731653	0.0	400508	5507.417112561228	-1.000000082240371e-09	0.75
312.5733122204049	300	7.6346194192427905	0.0	157421	2061.937297488863	-1.000000082240371e-09	-0.15000000000000002
318.1843517863129	750	6.023579853334842	0.0	400322	5611.039565907949	-1.000000082240371e-09	0.3
320.798304979548	300	7.409626660099726	0.0	143881	2613.953193235115	-1.000000082240371e-09	-0.15000000000000002
328.70308916636526	750	4.0	0.4951575267175622	412837	7904.784186817288	-1.000000082240371e-09	-1.8291773648855172
332.84069199113713	300	4.0	0.13760282477182226	179328	4137.602824771822	-1.000000082240371e-09	-0.7416921465188357
337.64401925358476	300	4.0	0.8033272624476122	159914	4803.327262447612	-1.000000082240371e-09	-3.1543072285247327
340.1746587675526	300	5.469360486032118	0.0	131610	2530.639513967882	-1.000000082240371e-09	0.3
342.16321490541	300	7.4808043481748205	0.0	124011	1988.556137857297	-1.000000082240371e-09	0.3
350.95994761256804	750	4.0	1.3159283589832593	378327	8796.73270715808	-1.000000082240371e-09	-5.358491943628015
354.8677581543982	300	4.092189458169874	0.0	149991	3907.810541830126	-1.000000082240371e-09	-0.15000000000000002
358.9504980196118	300	4.009449592956231	0.0	147968	4082.739865213643	-1.000000082240371e-09	0.3
363.4519754121627	300	4.0	0.4920277995946835	161857	4501.477392550914	-1.000000082240371e-09	-1.8157195382571392
366.2723090811479	300	5.179666331014824	0.0	145210	2820.3336689851762	-1.000000082240371e-09	0.3
369.1941014016226	300	6.257874010540046	0.0	172312	2921.792320474777	-1.000000082240371e-09	0.3
371.7813021176472	300	7.670673294515491	0.0	167025	2587.2007160245553	-1.000000082240371e-09	0.3
377.5343128963339	750	5.917662515828737	0.0	393804	5753.010778686754	-1.000000082240371e-09	0.3
379.18507015295654	300	8.26690525920612	0.0	137507	1650.757256622617	-1.000000082240371e-09	-0.15000000000000002
383.41468992575966	750	8.037285486402974	0.0	314107	4229.619772803146	-1.000000082240371e-09	0.3

