16551.665610197237	750	4.0	2.600378850967279	450283	2600.378850967279	0.4993862509727478	-10.431629059159299
16552.453816131398	300	7.21179406583987	0.0	155580	788.2059341601297	0.45868292450904846	-0.15000000000000002
16553.201063136596	300	10.464547060640387	0.0	139857	747.2470051994825	0.0794232040643692	0.3
16555.160617134923	750	12.504993062313787	0.0	382355	1959.553998326601	0.6171154379844666	0.3
16559.52168833439	1200	12.143921862845614	0.0	652874	4361.071199468171	0.6675591468811035	0.75
16564.661547079224	1200	11.004063118011404	0.0	520315	5139.858744834212	0.675686240196228	1.2
16567.027169567955	750	12.638440629279142	0.0	352642	2365.622488732262	0.6574153900146484	0.3
16570.955075425874	750	12.710534771362456	0.0	437162	3927.9058579166854	0.2189648449420929	0.75
16574.990673945973	750	12.6749362512602	0.0	374758	4035.5985201022563	0.36081942915916443	0.75
16577.64085304211	750	14.02475715512392	0.0	362795	2650.17909613628	0.6838571429252625	0.75
16580.529786021296	750	15.135824175940758	0.0	353220	2888.9329791831606	0.061482395976781845	0.75
16583.75749194612	750	15.908118251114404	0.0	405134	3227.7059248263563	0.037992339581251144	0.75
16586.542268574456	750	17.123341622778643	0.0	386351	2784.776628335759	0.01997704617679119	0.75
16592.02590486531	750	15.639705331922439	0.0	434409	5483.636290856203	0.006238175090402365	0.75
16599.776606810123	750	11.88900338711052	0.0	337059	7750.701944811919	0.6819734573364258	0.75
16601.495328531964	300	14.170281665270425	0.0	138313	1718.7217218400963	0.004705176223069429	-0.15000000000000002
16603.083695927675	300	16.58191426955928	0.0	143509	1588.3673957111428	0.004705176223069429	0.3
16604.67950186491	300	18.986108332325646	0.0	150616	1595.8059372336377	0.018662549555301666	0.3
16606.348105466855	300	21.317504730381994	0.0	165384	1668.6036019436522	0.2985495924949646	0.3
16610.588801825816	750	21.076808371420785	0.0	350713	4240.696358961209	0.44065016508102417	0.3
16615.08455714367	750	20.58105305356703	0.0	386472	4495.755317853756	0.006791883613914251	0.75
16617.807924291123	750	21.857685906115716	0.0	399894	2723.367147451314	0.010051936842501163	0.75
16620.238724920087	750	23.426885277147527	0.0	401853	2430.80062896819	0.004705176223069429	0.75
16622.056110984522	750	25.609499212712308	0.0	343800	1817.386064435218	0.025481421500444412	0.75
16624.405476213396	750	27.26013398383936	0.0	359903	2349.3652288729472	0.4684339463710785	0.75
16627.574851273417	750	28.090758923818175	0.0	379700	3169.3750600211865	0.301935076713562	0.75
16631.244331860875	750	28.421278336360594	0.0	425781	3669.4805874575827	0.05261426419019699	0.75
16633.451000138768	750	30.214610058468413	0.0	277716	2206.66827789218	0.03230947256088257	0.75
16635.956518468967	750	31.709091728266213	0.0	400396	2505.518330202203	0.1344219446182251	0.75
16639.575775869125	1200	32.08983432811138	0.0	641447	3619.2574001548305	0.6938201785087585	0.75
16642.8487801807	1200	32.81683001653494	0.0	570392	3273.0043115764493	0.004705176223069429	1.2
16646.967594172795	1200	32.69801602443944	0.0	620283	4118.813992095491	0.004705176223069429	1.2
16650.629377504047	1200	33.036232693190684	0.0	584349	3661.783331248757	0.00566353602334857	1.2
16655.23454310719	1200	32.431067090043236	0.0	670129	4605.165603147449	0.004705176223069429	1.2
16659.920258203612	1200	31.745351993624467	0.0	690253	4685.715096418771	0.004905106499791145	1.2
16663.018502585062	1200	32.64710761217503	0.0	598727	3098.244381449436	0.004705176223069429	1.2
16667.50496894546	1200	32.16064125177679	0.0	487812	4486.466360398244	0.006382285617291927	1.2
16671.767042582418	1200	31.8985676148189	0.0	575591	4262.073636957886	0.004705176223069429	1.2
16677.336313598644	1200	30.329296598596148	0.0	605884	5569.271016222753	0.004705176223069429	1.2
16680.418161523492	1200	31.247448673745183	0.0	587506	3081.8479248509634	0.004892186261713505	1.2
16682.887261166685	1200	32.77834903055431	0.0	566904	2469.099643190873	0.023784667253494263	1.2
16690.074602333352	2850	29.591007863884144	0.0	1527299	7187.341166670164	0.5467415452003479	1.2000000000000002
16695.203364085104	2850	28.46224611213383	0.0	1343002	5128.761751750313	0.004705176223069429	2.85
16701.006912776855	2850	26.658697420382666	0.0	1587250	5803.548691751166	0.004705176223069429	2.85
16705.68644930992	2850	25.979160887319413	0.0	1464921	4679.53653306325	0.004705176223069429	2.85
16710.693822080262	2850	24.971788116974647	0.0	1483527	5007.372770344766	0.005305570084601641	2.85
16714.47283752157	2850	25.19277267566775	0.0	1231456	3779.015441306894	0.0366860032081604	2.85
16720.098906943946	2850	23.566703253293028	0.0	1364537	5626.069422374722	0.24470825493335724	2.85

