21007.58673625068	750	4.0	1.5754002818435975	450283	1575.4002818435974	0.5863979458808899	-6.024221211927469
21009.407010356856	750	6.179725893824993	0.0	398865	1820.2741061750069	0.5835930109024048	0.75
21010.48994218737	750	9.09679406330946	0.0	350812	1082.9318305155325	0.551276683807373	0.75
21012.739571573158	1200	10.84716467752189	0.0	617681	2249.6293857875708	0.006515918765217066	0.75
21016.119778472257	1200	11.4669577784215	0.0	652874	3380.2068991003916	0.004705176223069429	1.2
21019.37406056148	1200	12.212675689195716	0.0	520315	3254.282089225785	0.010016257874667645	1.2
21025.23333401928	1200	10.353402231396489	0.0	561791	5859.273457799228	0.1229238361120224	1.2
21026.499389348155	300	13.087346902519805	0.0	173849	1266.0553288766841	0.6966490149497986	-0.6000000000000001
21027.51061705591	300	16.076119194768356	0.0	150710	1011.2277077514506	0.42399901151657104	0.3
21029.29120407712	750	18.2955321735605	0.0	362795	1780.5870212078553	0.37470734119415283	0.3
21032.114068557497	1200	19.472667693180096	0.0	607410	2822.8644803804	0.1281503289937973	0.75
21035.470221786323	1200	20.11651446435248	0.0	594078	3356.153228827617	0.004705176223069429	1.2
21038.31513045898	1200	21.2716057916968	0.0	624282	2844.908672655683	0.014719975180923939	1.2
21041.666436449592	1200	21.920299801084717	0.0	687371	3351.305990612082	0.005112765356898308	1.2
21044.63063278392	1200	22.956103466756705	0.0	526950	2964.1963343280127	0.005213373806327581	1.2
21047.638877053774	1200	23.947859196900286	0.0	587876	3008.244269856418	0.0049738408997654915	1.2
21050.68019158138	1200	24.906544669294885	0.0	617242	3041.314527605398	0.004705176223069429	1.2
21053.334511150628	1200	26.252225100047703	0.0	581493	2654.3195692471822	0.004705176223069429	1.2
21057.51463170596	1200	26.07210454471784	0.0	639204	4180.120555329868	0.004705176223069429	1.2
21060.792391955176	1200	26.794344295502952	0.0	586839	3277.7602492148844	0.005483838729560375	1.2
21063.822418776563	1200	27.764317474112683	0.0	601738	3030.026821390272	0.004705176223069429	1.2
21066.472255647503	1200	29.114480603173547	0.0	616206	2649.836870939136	0.004705176223069429	1.2
21070.021029611267	1200	29.565706639409573	0.0	656471	3548.7739637639734	0.004705176223069429	1.2
21072.776227005535	1200	30.81050924514185	0.0	536667	2755.197394267722	0.004705176223069429	1.2
21075.643632729032	1200	31.943103521643515	0.0	587236	2867.405723498336	0.004705176223069429	1.2
21078.048312617346	1200	33.53842363332812	0.0	590335	2404.6798883153947	0.004705176223069429	1.2
21081.356185129112	1200	34.230551121562215	0.0	696376	3307.872511765905	0.004705176223069429	1.2
21083.78244420253	1200	35.80429204814346	0.0	487160	2426.259073418764	0.005545870400965214	1.2
21086.803321667045	1200	36.78341458362813	0.0	622896	3020.877464515327	0.0048542204312980175	1.2
21090.42825378327	1200	37.15848246740232	0.0	641447	3624.932116225808	0.006028042174875736	1.2
21093.831692652635	1200	37.75504359803934	0.0	570392	3403.438869362983	0.004705176223069429	1.2
21097.02702276222	1200	38.55971348845491	0.0	620283	3195.3301095844395	0.004705176223069429	1.2
21099.61059733083	1200	39.976138919845994	0.0	584349	2583.5745686089112	0.009691398590803146	1.2
21102.06626591506	1200	41.52047033561835	0.0	670129	2455.668584227646	0.10704923421144485	1.2
21108.656503883172	2850	38.93023236750397	0.0	1492672	6590.237968114379	0.570077657699585	1.2000000000000002
21118.16731449574	2850	33.41942175493643	0.0	1439896	9510.810612567531	0.004705176223069429	2.85
21122.737141195485	2850	32.849595055192474	0.0	1139291	4569.826699743952	0.004705176223069429	2.85
21130.723867240155	2850	28.862869010522832	0.0	1499009	7986.726044669646	0.004705176223069429	2.85
21137.988447115054	2850	25.598289135619726	0.0	1427478	7264.579874903106	0.004705176223069429	2.85
21143.933183876034	2850	23.65355237464233	0.0	1402287	5944.736760977394	0.004705176223069429	2.85
21154.15815107795	2850	17.42858517272496	0.0	1339500	10224.967201917372	0.004705176223069429	2.85
21156.901778045416	1200	18.684958205260834	0.0	641452	2743.6269674641267	0.5085381865501404	-0.44999999999999996
21160.633795464375	1200	18.952940786304158	0.0	599477	3732.017418956677	0.16940729320049286	1.2
21163.739181698005	1200	19.847554552672758	0.0	634861	3105.3862336313955	0.012117031961679459	1.2
21166.238513850407	1200	21.348222400271606	0.0	630203	2499.332152401153	0.6801660656929016	1.2
21175.514549476135	2850	16.072186774542665	0.0	1483527	9276.03562572894	0.016446392983198166	1.2000000000000002
21181.12701568932	2850	14.459720561362403	0.0	1231456	5612.466213180263	0.07340832054615021	2.85
21187.181280523833	2850	12.405455726846311	0.0	1364537	6054.264834516093	0.004705176223069429	2.85

