945.090781075148	750	4.0	1.9602828539084163	450283	1960.2828539084162	-1.000000082240371e-09	-7.67921627180619
946.0486363404286	300	7.042144734719407	0.0	155580	957.8552652805936	-1.000000082240371e-09	-0.15000000000000002
947.8073479477044	750	9.283433127443578	0.0	350812	1758.7116072758295	-1.000000082240371e-09	0.3
950.251031514738	1200	10.83974956041009	0.0	617681	2443.683567033487	-1.000000082240371e-09	0.75
953.0111936572749	1200	12.0795874178731	0.0	652874	2760.16214253699	-1.000000082240371e-09	1.2
957.1265356181349	1850	11.964245457013133	0.0	801058	4115.341960859965	-1.000000082240371e-09	1.2000000000000002
960.0929601758473	1850	12.997820899300772	0.0	905515	2966.4245577123625	-1.000000082240371e-09	1.85
964.984394763926	1850	12.106386311221993	0.0	1060487	4891.434588078779	-1.000000082240371e-09	1.85
972.1308795390913	1850	8.95990153605668	0.0	852833	7146.484775165313	-1.000000082240371e-09	1.85
975.1760909366161	750	9.914690138531947	0.0	362795	3045.211397524733	-1.000000082240371e-09	-0.3500000000000001
979.933457989946	1200	9.157323085201982	0.0	607410	4757.367053329965	-1.000000082240371e-09	0.75
984.866359189632	1200	8.224421885515937	0.0	594078	4932.901199686045	-1.000000082240371e-09	1.2
988.7270777187766	750	8.363703356371301	0.0	386351	3860.718529144637	-1.000000082240371e-09	0.3
992.4910158213629	750	8.599765253785042	0.0	434409	3763.938102586258	-1.000000082240371e-09	0.75
994.7404365123489	750	10.35034456279917	0.0	337059	2249.4206909858717	-1.000000082240371e-09	0.75
998.2190982194315	1200	10.871682855716413	0.0	587876	3478.661707082758	-1.000000082240371e-09	0.75
1000.7807460105576	1200	12.310035064590542	0.0	617242	2561.6477911258717	-1.000000082240371e-09	1.2
1005.0735867260963	1850	12.017194349051705	0.0	885714	4292.840715538837	-1.000000082240371e-09	1.2000000000000002
1009.8023119071034	1850	11.288469168044646	0.0	987708	4728.7251810070575	-1.000000082240371e-09	1.85
1014.8798991258809	1850	10.21088194926718	0.0	923755	5077.5872187774685	-1.000000082240371e-09	1.85
1018.1018175664128	1200	10.988963508735255	0.0	601738	3221.9184405319256	-1.000000082240371e-09	0.5499999999999999
1021.2574619937708	1200	11.833319081377315	0.0	616206	3155.6444273579405	-1.000000082240371e-09	1.2
1025.4132785751424	1850	11.677502500005748	0.0	968026	4155.816581371568	-1.000000082240371e-09	1.2000000000000002
1029.1898144108543	1850	11.900966664293835	0.0	874175	3776.5358357119126	-1.000000082240371e-09	1.85
1034.5557644745052	1850	10.535016600642857	0.0	897976	5365.9500636509765	-1.000000082240371e-09	1.85
1037.9577182494156	1200	11.133062825732466	0.0	590335	3401.9537749103915	-1.000000082240371e-09	0.5499999999999999
1043.162378951268	1850	9.928402123880097	0.0	1076599	5204.660701852368	-1.000000082240371e-09	1.2000000000000002
1045.0649061216018	1200	12.025874953546456	0.0	487160	1902.5271703336418	-1.000000082240371e-09	0.5499999999999999
1048.9061015615614	1850	12.184679513586762	0.0	972798	3841.195439959695	-1.000000082240371e-09	1.2000000000000002
1051.9978209856577	1850	13.092960089490502	0.0	975811	3091.7194240962604	-1.000000082240371e-09	1.85
1056.7070190333461	2850	12.383762041802033	0.0	1341201	4709.198047688469	-1.000000082240371e-09	1.85
1060.7524226108817	1850	12.33835846426634	0.0	954453	4045.4035775356915	-1.000000082240371e-09	0.8500000000000001
1063.5152967385009	1850	13.575484336647133	0.0	885062	2762.874127619208	-1.000000082240371e-09	1.85
1066.611225030279	2850	14.479556044868964	0.0	1587293	3095.9282917781684	-1.000000082240371e-09	1.85
1070.7159552638589	2850	14.374825811288996	0.0	1492672	4104.7302335799695	-1.000000082240371e-09	2.85
1074.4990929453268	2850	14.591688129821087	0.0	1439896	3783.1376814679106	-1.000000082240371e-09	2.85
1077.8451227630562	2850	15.245658312091491	0.0	1139291	3346.0298177295945	-1.000000082240371e-09	2.85
1083.6424222387252	4300	13.448358836422534	0.0	2147467	5797.299475668957	-1.000000082240371e-09	2.8499999999999996
1086.8437379821742	2850	14.247043092973598	0.0	1427478	3201.315743448937	-1.000000082240371e-09	1.4000000000000001
1090.4251942063288	2850	14.665586868818924	0.0	1402287	3581.4562241546737	-1.000000082240371e-09	2.85
1093.1475378382738	2850	15.94324323687395	0.0	1339500	2722.3436319449747	-1.000000082240371e-09	2.85
1099.1637351111606	4300	13.927045963987284	0.0	2184571	6016.197272886666	-1.000000082240371e-09	2.8499999999999996
1103.5897315610223	2850	13.501049514125675	0.0	1343002	4425.996449861607	-1.000000082240371e-09	1.4000000000000001
1107.4806650521375	2850	13.610116023010479	0.0	1587250	3890.9334911151986	-1.000000082240371e-09	2.85
1113.3832342998096	2850	11.707546775338466	0.0	1464921	5902.569247672012	-1.000000082240371e-09	2.85
1117.7408697422884	1850	11.349911332859612	0.0	982064	4357.635442478853	-1.000000082240371e-09	0.8500000000000001
1122.0176191060466	1850	11.073161969101399	0.0	830730	4276.749363758213	-1.000000082240371e-09	1.85
1125.0472288447872	1850	12.043552230360719	0.0	846370	3029.609738740679	-1.000000082240371e-09	1.85

