17314.500720608292	750	4.0	2.600378850967279	450283	2600.378850967279	-1.000000082240371e-09	-10.431629059159299
17315.28892654245	300	7.21179406583987	0.0	155580	788.2059341601297	-1.000000082240371e-09	-0.15000000000000002
17317.04451743855	750	9.456203169738979	0.0	350812	1755.5908961008906	-1.000000082240371e-09	0.3
17320.986052400003	1200	9.514668208283693	0.0	617681	3941.5349614552865	-1.000000082240371e-09	0.75
17326.669589696554	1200	7.831130911734556	0.0	652874	5683.537296549136	-1.000000082240371e-09	1.2
17329.08309826977	750	9.417622338520896	0.0	318564	2413.5085732136604	-1.000000082240371e-09	0.3
17333.924109888045	1200	8.576610720244112	0.0	561791	4841.011618276782	-1.000000082240371e-09	0.75
17338.25832535159	750	8.24239525669466	0.0	437162	4334.215463549451	-1.000000082240371e-09	0.3
17341.049016688954	750	9.451703919333964	0.0	374758	2790.6913373606967	-1.000000082240371e-09	0.75
17345.717128814646	1200	8.783591793642627	0.0	560821	4668.112125691338	-1.000000082240371e-09	0.75
17348.10701416118	750	10.393706447105208	0.0	353220	2389.8853465374195	-1.000000082240371e-09	0.3
17355.14978431078	1200	7.350936297505415	0.0	594078	7042.770149599793	-1.000000082240371e-09	0.75
17363.2713683562	750	4.0	0.770647747913813	386351	8121.584045419228	-1.000000082240371e-09	-3.013785316029396
17365.346705399978	300	5.924662956220963	0.0	179801	2075.3370437790363	-1.000000082240371e-09	-0.15000000000000002
17366.841957892342	300	8.429410463854667	0.0	140051	1495.2524923662966	-1.000000082240371e-09	0.3
17370.41472751397	750	8.85664084222801	0.0	366214	3572.7696216266563	-1.000000082240371e-09	0.3
17375.692670284658	750	7.578698071536506	0.0	360831	5277.942770691505	-1.000000082240371e-09	0.75
17378.76743571025	750	8.503932645943785	0.0	372963	3074.7654255927205	-1.000000082240371e-09	0.75
17381.41575622033	750	9.8556121358646	0.0	405596	2648.320510079186	-1.000000082240371e-09	0.75
17384.576881471563	1200	10.694486884631377	0.0	586839	3161.125251233222	-1.000000082240371e-09	0.75
17388.684422285765	1200	10.58694607042994	0.0	601738	4107.540814201437	-1.000000082240371e-09	1.2
17394.120026536566	1200	9.151341819628714	0.0	616206	5435.604250801226	-1.000000082240371e-09	1.2
17398.48465595765	1200	8.786712398545198	0.0	656471	4364.629421083514	-1.000000082240371e-09	1.2
17400.463555114507	750	10.807813241689407	0.0	343800	1978.8991568557908	-1.000000082240371e-09	0.3
17403.527659184594	1200	11.743709171604037	0.0	587236	3064.104070085372	-1.000000082240371e-09	0.75
17409.51666164657	1850	9.75470670963224	0.0	905935	5989.002461971798	-1.000000082240371e-09	1.2000000000000002
17413.80893734742	1200	9.462431008779182	0.0	696376	4292.275700853058	-1.000000082240371e-09	0.5499999999999999
17417.26688715529	1200	10.004481200911883	0.0	487160	3457.9498078672996	-1.000000082240371e-09	1.2
17421.89966702006	1200	9.371701336136976	0.0	622896	4632.779864774907	-1.000000082240371e-09	1.2
17424.860789035847	1200	10.41057932035251	0.0	641447	2961.1220157844655	-1.000000082240371e-09	1.2
17430.041005647025	1200	9.23036270917084	0.0	570392	5180.2166111816705	-1.000000082240371e-09	1.2
17434.690066103645	1200	8.581302252551923	0.0	620283	4649.060456618919	-1.000000082240371e-09	1.2
17438.61979970523	750	8.651568650966317	0.0	369834	3929.7336015856054	-1.000000082240371e-09	0.3
17441.117152987368	750	10.154215368826812	0.0	412837	2497.3532821395056	-1.000000082240371e-09	0.75
17444.35807713875	1200	10.913291217448021	0.0	690253	3240.9241513787915	-1.000000082240371e-09	0.75
17447.261073275215	1200	12.010295080978675	0.0	598727	2902.996136469344	-1.000000082240371e-09	1.2
17450.808067468555	1850	12.463300887639665	0.0	728962	3546.9941933390105	-1.000000082240371e-09	1.2000000000000002
17454.76906734847	1850	12.5023010077249	0.0	938587	3960.9998799147656	-1.000000082240371e-09	1.85
17458.023818549762	1850	13.247549806432213	0.0	908665	3254.751201292688	-1.000000082240371e-09	1.85
17463.221024058825	2850	12.050344297368015	0.0	1402287	5197.205509064197	-1.000000082240371e-09	1.85
17466.036981921417	1850	13.234386434779664	0.0	858450	2815.9578625883514	-1.000000082240371e-09	0.8500000000000001
17471.296752636372	2850	11.974615719823314	0.0	1527299	5259.77071495635	-1.000000082240371e-09	1.85
17474.052811353635	1850	13.218557002560358	0.0	886255	2756.058717262957	-1.000000082240371e-09	0.8500000000000001
17479.419298094497	2850	11.85207026169827	0.0	1587250	5366.4867408620885	-1.000000082240371e-09	1.85
17483.188428480094	1850	12.082939876098171	0.0	958994	3769.130385600097	-1.000000082240371e-09	0.8500000000000001
17485.700285200284	1850	13.571083155911973	0.0	982064	2511.856720186199	-1.000000082240371e-09	1.85
17488.743242282162	2850	14.528126074033247	0.0	1231456	3042.9570818787247	-1.000000082240371e-09	1.85
17491.79975174538	2850	15.471616610815179	0.0	1364537	3056.5094632180685	-1.000000082240371e-09	2.85

