3763.963142789921	750	4.0	4.8551176236478435	450283	4855.117623647843	0.5359522700309753	-20.127005781685725
3765.4603548909326	300	6.502787898988277	0.0	155580	1497.2121010117223	0.004705176223069429	-0.15000000000000002
3766.7476598757735	300	9.215482914147731	0.0	139857	1287.3049848405465	0.004705176223069429	0.3
3767.9669855345956	300	11.996157255325587	0.0	155432	1219.3256588221457	0.004705176223069429	0.3
3769.1245222304187	300	14.83862055950185	0.0	163442	1157.5366958237378	0.03049682453274727	0.3
3771.1574805922783	750	16.805662197642242	0.0	318564	2032.9583618596057	0.6966458559036255	0.3
3773.4155890916877	750	18.54755369823278	0.0	352642	2258.1084994094626	0.028829142451286316	0.75
3775.976354833991	750	19.986787955929337	0.0	437162	2560.7657423034425	0.0730368122458458	0.75
3778.6254667050866	750	21.337676084834165	0.0	374758	2649.111871095171	0.2828673720359802	0.75
3781.1689943004835	750	22.794148489436893	0.0	362795	2543.5275953972728	0.17625166475772858	0.75
3782.976126889442	750	24.987015900478482	0.0	353220	1807.1325889584084	0.19016586244106293	0.75
3785.9027258171104	1200	26.060416972810383	0.0	594078	2926.5989276680993	0.6312950849533081	0.75
3790.640472037289	1200	25.32267075263176	0.0	624282	4737.746220178625	0.004705176223069429	1.2
3795.772147107564	1200	24.190995682356487	0.0	687371	5131.675070275271	0.05471758171916008	1.2
3799.373389461078	1200	24.58975332884214	0.0	526950	3601.242353514345	0.2471792846918106	1.2
3804.0706550329487	1200	23.89248775697198	0.0	587876	4697.265571870156	0.07109838724136353	1.2
3809.707603102605	1200	22.255539687315675	0.0	617242	5636.948069656308	0.27910277247428894	1.2
3813.8563549280293	1200	22.106787861891295	0.0	581493	4148.751825424382	0.6968268156051636	1.2
3817.847492413098	1200	22.11565037682257	0.0	639204	3991.137485068727	0.42255696654319763	1.2
3822.3739026084327	1200	21.58924018148775	0.0	586839	4526.410195334817	0.1277061253786087	1.2
3826.0730082937985	1200	21.890134496121906	0.0	601738	3699.1056853658392	0.5512298345565796	1.2
3830.602651157725	1200	21.360491632195355	0.0	616206	4529.642863926551	0.1796748787164688	1.2
3837.016377682748	1200	18.946765107172023	0.0	656471	6413.72652502333	0.5845542550086975	1.2
3841.3742109841874	750	18.588931805733132	0.0	343800	4357.833301438893	0.11526697129011154	0.3
3844.201084893245	750	19.76205789667519	0.0	359903	2826.8739090579393	0.008440880104899406	0.75
3846.4194670010224	750	21.543675788898177	0.0	379700	2218.382107777014	0.005518834572285414	0.75
3848.982675488145	750	22.980467301775594	0.0	425781	2563.2084871225843	0.08662676811218262	0.75
3850.595890447342	750	25.36725234257882	0.0	277716	1613.2149591967714	0.24275138974189758	0.75
3853.07660393903	750	26.88653885089082	0.0	400396	2480.713491688001	0.5802005529403687	0.75
3855.2281291828954	750	28.735013607025373	0.0	400508	2151.525243865445	0.480419784784317	0.75
3858.587467003728	1200	29.3756757861928	0.0	570392	3359.337820832571	0.3816658556461334	0.75
3862.6060274073207	1200	29.35711538259971	0.0	620283	4018.5604035930937	0.0050152745097875595	1.2
3867.398532865281	1200	28.564609924639182	0.0	584349	4792.5054579605285	0.004979583900421858	1.2
3876.2338147414057	1200	23.729328048514923	0.0	670129	8835.28187612426	0.01304754801094532	1.2
3879.589711372258	750	24.37343141766229	0.0	401088	3355.8966308526337	0.11577145010232925	0.3
3885.674273744658	750	22.28886904526232	0.0	365161	6084.562372399971	0.09466210752725601	0.75
3888.0005106191725	750	23.96263217074787	0.0	321064	2326.2368745144504	0.004705176223069429	0.75
3891.2729476473937	750	24.69019514252654	0.0	361565	3272.4370282213304	0.406455397605896	0.75
3894.7382695523206	750	25.224873237599283	0.0	378327	3465.3219049272543	0.2605884373188019	0.75
3898.039178869494	750	25.923963920425873	0.0	390680	3300.9093171734094	0.23720814287662506	0.75
3901.1181836442306	750	26.844959145689614	0.0	345516	3079.004774736257	0.6734845042228699	0.75
3904.8065013137134	750	27.156641476206776	0.0	384505	3688.3176694828403	0.6697163581848145	0.75
3915.72542560795	1200	20.23771718197041	0.0	599477	10918.924294236367	0.5239949226379395	0.75
3924.531396134257	750	15.431746655663181	0.0	438281	8805.970526307228	0.005564023740589619	0.3
3932.9291920685287	750	11.033950721391548	0.0	398987	8397.795934271633	0.23512716591358185	0.75
3937.5440944242287	300	10.419048365691705	0.0	160064	4614.902355699844	0.05849941819906235	-0.15000000000000002
3942.171036837634	300	9.792105952286736	0.0	137507	4626.942413404969	0.004705176223069429	0.3
3946.0381865297068	300	9.924956260213895	0.0	118421	3867.1496920728423	0.004705176223069429	0.3

