5.84241140162946	750	4.0	5.84241140162946	450283	5842.41140162946	0.5	-24.372369027006677
7.575692147360662	300	6.266719254268797	0.0	155580	1733.2807457312028	-1.000000082240371e-09	-0.15000000000000002
8.776980216440814	300	9.065431185188647	0.0	139857	1201.2880690801505	-1.000000082240371e-09	0.3
13.494442289411985	1200	8.347969112217475	0.0	617681	4717.462072971171	-1.000000082240371e-09	0.29999999999999993
16.266349924325034	750	9.576061477304425	0.0	411561	2771.9076349130505	-1.000000082240371e-09	0.3
19.694165563888507	1200	10.148245837740953	0.0	520315	3427.8156395634714	-1.000000082240371e-09	0.75
23.18592843136718	1200	10.656482970262276	0.0	561791	3491.7628674786774	-1.000000082240371e-09	1.2
27.55855500788446	1200	10.283856393744994	0.0	709534	4372.626576517281	-1.000000082240371e-09	1.2
31.154579338824092	1200	10.687832062805361	0.0	584846	3596.0243309396337	-1.000000082240371e-09	1.2
34.166262410408805	1200	11.676148991220652	0.0	560821	3011.6830715847072	-1.000000082240371e-09	1.2
43.080015276994864	1850	6.762396124634593	0.0	939819	8913.75286658606	-1.000000082240371e-09	1.2000000000000002
45.62539022541933	300	8.217021176210125	0.0	156148	2545.374948424468	-1.000000082240371e-09	-1.25
50.680426982111705	750	7.16198441951775	0.0	386351	5055.036756692374	-1.000000082240371e-09	0.3
58.901990540063515	750	4.0	1.0595791384340592	434409	8221.56355795181	-1.000000082240371e-09	-3.806190295266454
61.093045600581156	300	5.808944939482361	0.0	140051	2191.05506051764	-1.000000082240371e-09	-0.15000000000000002
62.739978969940594	300	8.162011570122921	0.0	138313	1646.933369359439	-1.000000082240371e-09	0.3
66.15966282638455	750	8.74232771367897	0.0	360831	3419.6838564439518	-1.000000082240371e-09	0.3
70.00284083590323	750	8.899149704160282	0.0	372963	3843.1780095186873	-1.000000082240371e-09	0.75
74.13503689368245	750	8.766953646381067	0.0	405596	4132.196057779214	-1.000000082240371e-09	0.75
77.55856615044107	750	9.343424389622447	0.0	350713	3423.5292567586202	-1.000000082240371e-09	0.75
81.71185248733426	1200	9.190138052729266	0.0	601738	4153.286336893181	-1.000000082240371e-09	0.75
85.43951362865432	1200	9.462476911409194	0.0	616206	3727.6611413200717	-1.000000082240371e-09	1.2
89.76089011722294	1200	9.14110042284059	0.0	656471	4321.376488568603	-1.000000082240371e-09	1.2
93.07377148330902	1200	9.828219056754515	0.0	536667	3312.881366086075	-1.000000082240371e-09	1.2
95.97626055865716	1200	10.925729981406363	0.0	587236	2902.489075348152	-1.000000082240371e-09	1.2
99.51598102075812	1200	11.386009519305397	0.0	590335	3539.7204621009655	-1.000000082240371e-09	1.2
108.02553060941483	1850	6.876459930648691	0.0	1076599	8509.549588656706	-1.000000082240371e-09	1.2000000000000002
108.79112014178318	300	10.11087039828034	0.0	111155	765.5895323683508	-1.000000082240371e-09	-1.25
113.83872331339748	1200	9.06326722666603	0.0	622896	5047.603171614309	-1.000000082240371e-09	0.29999999999999993
119.11985483164882	1200	7.782135708414689	0.0	641447	5281.131518251341	-1.000000082240371e-09	1.2
121.96589318731255	750	8.936097352750966	0.0	358218	2846.0383556637225	-1.000000082240371e-09	0.3
124.8274957265621	750	10.074494813501405	0.0	400322	2861.6025392495635	-1.000000082240371e-09	0.75
128.43384374067242	1200	10.4681467993911	0.0	584349	3606.348014110305	-1.000000082240371e-09	0.75
133.50267477430185	1200	9.399315765761669	0.0	670129	5068.831033629432	-1.000000082240371e-09	1.2
137.71107973860603	1200	9.190910801457497	0.0	690253	4208.4049643041735	-1.000000082240371e-09	1.2
142.34208675449153	1200	8.559903785571993	0.0	598727	4631.007015885501	-1.000000082240371e-09	1.2
145.35028375274828	750	9.551706787315247	0.0	321064	3008.196998256748	-1.000000082240371e-09	0.3
152.2672844959028	1200	6.634706044160732	0.0	575591	6917.000743154514	-1.000000082240371e-09	0.75
153.9742317717513	300	8.927758768312215	0.0	144254	1706.947275848517	-1.000000082240371e-09	-0.6000000000000001
156.32019428507922	750	10.581796254984292	0.0	390680	2345.9625133279214	-1.000000082240371e-09	0.3
159.64636078594668	1200	11.255629754116843	0.0	566904	3326.166500867449	-1.000000082240371e-09	0.75
165.46949761194185	1850	9.432492928121672	0.0	1025005	5823.13682599517	-1.000000082240371e-09	1.2000000000000002
168.9201479843616	1200	9.981842555701936	0.0	599477	3450.6503724197364	-1.000000082240371e-09	0.5499999999999999
172.95185952851125	1200	9.95013101155229	0.0	634861	4031.7115441496453	-1.000000082240371e-09	1.2
177.94629099052324	1200	8.955699549540284	0.0	630203	4994.431462012005	-1.000000082240371e-09	1.2
183.8234307759127	750	7.078559764150799	0.0	393804	5877.139785389485	-1.000000082240371e-09	0.3
189.4289710988631	750	5.473019441200421	0.0	331053	5605.540322950378	-1.000000082240371e-09	0.75
191.48551265137613	300	7.416477888687359	0.0	118421	2056.541552513062	-1.000000082240371e-09	-0.15000000000000002

